38,48
(66,33)
(66,33)
(65,34)
(64,35)
(63,35)
(62,36)
(61,36)
(60,37)
(59,37)
(58,37)
(57,37)
(56,37)
(55,37)
(54,37)
(53,37)
(52,37)
(51,37)
(50,37)
(49,37)
(48,37)
(47,37)
(46,37)
(45,37)
(44,38)
(44,39)
(43,40)
(43,41)
(43,42)
(43,43)
(42,44)
(41,45)
(40,46)
(39,47)
77,71
(63,35)
(63,35)
(64,36)
(65,37)
(65,38)
(66,39)
(67,39)
(68,40)
(67,41)
(66,42)
(67,43)
(67,44)
(67,45)
(67,46)
(68,47)
(69,48)
(70,49)
(71,50)
(72,51)
(73,52)
(73,53)
(74,54)
(73,55)
(73,56)
(73,57)
(73,58)
(74,59)
(75,60)
(74,61)
(73,61)
(72,61)
(71,60)
(70,61)
(70,62)
(69,63)
(68,64)
(67,65)
(66,66)
(66,67)
(65,68)
(64,68)
(63,69)
(64,70)
(64,71)
(65,72)
(66,73)
(67,73)
(68,73)
(69,74)
(69,75)
(69,76)
(69,77)
(68,78)
(68,79)
(67,80)
(67,81)
(68,82)
(68,83)
(68,84)
(68,85)
(69,86)
(70,85)
(71,86)
(72,86)
(73,85)
(74,86)
(75,87)
(76,86)
(77,85)
(78,85)
(79,84)
(78,83)
(77,82)
(76,81)
(77,80)
(77,79)
(77,78)
(77,77)
(77,76)
(77,75)
(77,74)
(77,73)
(77,72)
64,52
(67,43)
(67,43)
(66,44)
(65,45)
(64,46)
(65,47)
(65,48)
(65,49)
(64,50)
(64,51)
87,52
(65,45)
(65,45)
(66,44)
(67,45)
(67,46)
(68,47)
(69,48)
(70,49)
(71,50)
(72,51)
(73,52)
(74,52)
(75,52)
(76,52)
(77,52)
(78,52)
(79,52)
(80,52)
(81,52)
(82,52)
(83,52)
(84,52)
(85,52)
(86,52)
39,39
(66,33)
(66,33)
(65,34)
(64,35)
(63,35)
(62,36)
(61,36)
(60,37)
(59,37)
(58,37)
(57,37)
(56,37)
(55,37)
(54,37)
(53,37)
(52,37)
(51,37)
(50,37)
(49,37)
(48,37)
(47,37)
(46,37)
(45,37)
(44,38)
(43,38)
(42,39)
(41,39)
(40,39)
44,36
(66,33)
(66,33)
(65,34)
(64,35)
(63,35)
(62,36)
(61,36)
(60,35)
(59,36)
(58,36)
(57,36)
(56,36)
(55,36)
(54,36)
(53,36)
(52,36)
(51,36)
(50,36)
(49,36)
(48,36)
(47,35)
(46,36)
(45,36)
54,34
(66,33)
(66,33)
(65,34)
(64,34)
(63,34)
(62,34)
(61,34)
(60,34)
(59,34)
(58,34)
(57,34)
(56,34)
(55,34)
84,40
(66,33)
(66,33)
(67,34)
(68,35)
(69,36)
(70,36)
(71,37)
(72,38)
(73,39)
(74,40)
(75,40)
(76,40)
(77,40)
(78,40)
(79,40)
(80,40)
(81,40)
(82,40)
(83,40)
52,33
(66,33)
(66,33)
(65,33)
(64,33)
(63,33)
(62,33)
(61,33)
(60,33)
(59,33)
(58,33)
(57,33)
(56,32)
(55,33)
(54,33)
(53,33)
53,34
(66,33)
(66,33)
(67,32)
(68,31)
(69,30)
(70,29)
(71,28)
(72,29)
(73,28)
(74,27)
(75,26)
(76,25)
(77,24)
(78,23)
(79,22)
(80,21)
(81,20)
(82,20)
(83,19)
(83,18)
(84,17)
(85,16)
(86,15)
(87,14)
(87,13)
(88,12)
(89,12)
(90,12)
(91,13)
(92,12)
(92,11)
(92,10)
(92,9)
(92,8)
(93,7)
(94,8)
(95,7)
(96,6)
(97,5)
(98,4)
(99,3)
(100,3)
(101,2)
(102,1)
(103,2)
(103,3)
(104,4)
(105,4)
(106,4)
(107,3)
(108,4)
(109,3)
(110,2)
(111,1)
(112,0)
(113,1)
(114,0)
(115,0)
(116,0)
(117,0)
(118,0)
(119,0)
(120,1)
(120,2)
(120,3)
(120,4)
(121,5)
(122,4)
(123,3)
(124,2)
(125,1)
(126,0)
(127,1)
(128,0)
(129,0)
(130,0)
(131,0)
(132,1)
(133,0)
(134,0)
(135,0)
(136,0)
(137,0)
(138,0)
(139,0)
(140,0)
(141,0)
(142,0)
(143,0)
(144,0)
(145,0)
(146,0)
(147,0)
(148,1)
(149,0)
(150,0)
(151,1)
(152,0)
(153,0)
(154,0)
(155,0)
(156,0)
(157,0)
(158,1)
(158,2)
(157,3)
(156,2)
(155,3)
(155,4)
(155,5)
(155,6)
(155,7)
(155,8)
(156,9)
(157,8)
(158,9)
(158,10)
(157,11)
(157,12)
(157,13)
(158,14)
(159,15)
(158,16)
(159,17)
(159,18)
(159,19)
(159,20)
(159,21)
(159,22)
(159,23)
(158,24)
(159,25)
(159,26)
(159,27)
(159,28)
(159,29)
(158,30)
(158,31)
(158,32)
(159,33)
(159,34)
(159,35)
(159,36)
(159,37)
(159,38)
(159,39)
(159,40)
(158,41)
(159,42)
(159,43)
(159,44)
(159,45)
(159,46)
(159,47)
(159,48)
(159,49)
(159,50)
(159,51)
(159,52)
(159,53)
(159,54)
(159,55)
(159,56)
(159,57)
(159,58)
(159,59)
(159,60)
(159,61)
(159,62)
(158,63)
(157,62)
(156,61)
(156,60)
(156,59)
(156,58)
(157,57)
(157,56)
(157,55)
(157,54)
(157,53)
(157,52)
(157,51)
(157,50)
(157,49)
(157,48)
(157,47)
(157,46)
(157,45)
(157,44)
(157,43)
(156,42)
(156,41)
(156,40)
(157,39)
(157,38)
(157,37)
(157,36)
(157,35)
(156,34)
(155,33)
(156,32)
(156,31)
(155,30)
(156,29)
(157,28)
(157,27)
(156,26)
(156,25)
(156,24)
(156,23)
(157,22)
(157,21)
(157,20)
(157,19)
(157,18)
(156,17)
(156,16)
(155,15)
(155,14)
(155,13)
(154,12)
(155,11)
(154,10)
(153,9)
(153,8)
(153,7)
(153,6)
(153,5)
(152,4)
(151,5)
(151,6)
(151,7)
(151,8)
(150,9)
(151,10)
(151,11)
(151,12)
(150,13)
(151,14)
(152,15)
(152,16)
(152,17)
(153,18)
(154,19)
(155,20)
(155,21)
(154,22)
(154,23)
(153,24)
(154,25)
(153,26)
(154,27)
(153,28)
(152,28)
(151,28)
(150,27)
(149,27)
(148,28)
(148,29)
(148,30)
(147,31)
(146,30)
(146,29)
(146,28)
(146,27)
(147,26)
(147,25)
(147,24)
(147,23)
(148,22)
(149,21)
(150,20)
(151,19)
(150,18)
(150,17)
(150,16)
(149,15)
(148,14)
(147,13)
(147,12)
(148,11)
(147,10)
(148,9)
(148,8)
(149,7)
(149,6)
(149,5)
(148,4)
(147,3)
(146,2)
(145,2)
(144,2)
(143,2)
(142,2)
(141,2)
(140,2)
(139,2)
(138,2)
(137,3)
(138,4)
(139,4)
(140,5)
(141,4)
(142,4)
(143,4)
(144,4)
(145,4)
(146,5)
(145,6)
(145,7)
(146,8)
(145,9)
(145,10)
(145,11)
(145,12)
(144,13)
(145,14)
(146,15)
(147,16)
(148,17)
(148,18)
(148,19)
(147,20)
(146,21)
(145,20)
(145,19)
(146,18)
(145,17)
(144,16)
(143,15)
(142,14)
(142,13)
(142,12)
(143,11)
(143,10)
(143,9)
(143,8)
(143,7)
(142,6)
(141,7)
(141,8)
(141,9)
(141,10)
(140,11)
(139,10)
(139,9)
(139,8)
(138,7)
(137,7)
(136,6)
(136,5)
(135,4)
(134,4)
(133,3)
(132,3)
(131,3)
(130,2)
(129,2)
(128,3)
(129,4)
(130,5)
(131,6)
(132,5)
(133,6)
(134,7)
(135,8)
(135,9)
(136,10)
(137,11)
(138,12)
(138,13)
(138,14)
(138,15)
(138,16)
(139,17)
(140,16)
(141,16)
(142,17)
(142,18)
(141,19)
(142,20)
(142,21)
(143,22)
(144,22)
(145,23)
(145,24)
(145,25)
(144,26)
(144,27)
(144,28)
(144,29)
(143,30)
(142,29)
(142,28)
(142,27)
(141,26)
(140,25)
(140,24)
(140,23)
(140,22)
(139,21)
(138,20)
(138,19)
(137,18)
(136,17)
(136,16)
(135,15)
(136,14)
(135,13)
(135,12)
(134,11)
(133,11)
(132,10)
(133,9)
(132,8)
(131,8)
(130,9)
(130,10)
(129,11)
(130,12)
(131,13)
(132,14)
(132,15)
(133,16)
(134,17)
(134,18)
(135,19)
(136,20)
(136,21)
(136,22)
(137,23)
(138,24)
(138,25)
(138,26)
(138,27)
(139,28)
(140,29)
(139,30)
(140,31)
(140,32)
(141,33)
(142,32)
(143,33)
(144,32)
(145,32)
(146,33)
(147,33)
(148,33)
(149,32)
(150,33)
(151,32)
(152,31)
(153,32)
(153,33)
(153,34)
(154,35)
(154,36)
(155,37)
(155,38)
(154,39)
(154,40)
(154,41)
(154,42)
(154,43)
(154,44)
(153,45)
(154,46)
(154,47)
(155,48)
(155,49)
(154,50)
(155,51)
(155,52)
(154,53)
(153,52)
(152,51)
(152,50)
(152,49)
(152,48)
(152,47)
(151,46)
(151,45)
(151,44)
(152,43)
(152,42)
(152,41)
(151,40)
(152,39)
(152,38)
(152,37)
(151,36)
(150,35)
(149,35)
(148,35)
(147,35)
(146,35)
(145,36)
(145,37)
(146,38)
(147,37)
(148,37)
(149,38)
(149,39)
(149,40)
(149,41)
(149,42)
(149,43)
(148,44)
(147,43)
(146,42)
(147,41)
(146,40)
(145,40)
(144,39)
(143,38)
(142,38)
(141,39)
(142,40)
(142,41)
(143,42)
(144,43)
(145,44)
(146,45)
(147,46)
(147,47)
(148,48)
(147,49)
(148,50)
(149,51)
(150,52)
(151,53)
(152,54)
(153,55)
(153,56)
(153,57)
(154,58)
(153,59)
(152,59)
(151,58)
(151,57)
(151,56)
(150,55)
(149,54)
(148,53)
(147,52)
(146,51)
(145,51)
(144,50)
(145,49)
(145,48)
(145,47)
(144,46)
(143,45)
(142,44)
(141,44)
(140,43)
(140,42)
(140,41)
(139,40)
(139,39)
(139,38)
(139,37)
(139,36)
(138,35)
(139,34)
(138,33)
(138,32)
(137,31)
(137,30)
(137,29)
(136,28)
(136,27)
(136,26)
(136,25)
(135,24)
(134,23)
(134,22)
(133,21)
(133,20)
(132,19)
(132,18)
(131,17)
(130,16)
(130,15)
(129,14)
(128,13)
(127,12)
(127,11)
(127,10)
(128,9)
(128,8)
(129,7)
(128,6)
(127,6)
(126,7)
(126,8)
(125,9)
(125,10)
(125,11)
(125,12)
(124,13)
(125,14)
(125,15)
(126,16)
(127,16)
(128,17)
(128,18)
(129,19)
(130,20)
(131,21)
(131,22)
(131,23)
(130,24)
(130,25)
(131,26)
(132,25)
(133,25)
(134,26)
(134,27)
(134,28)
(134,29)
(135,30)
(135,31)
(135,32)
(135,33)
(134,34)
(135,35)
(136,36)
(137,37)
(137,38)
(137,39)
(137,40)
(137,41)
(138,42)
(138,43)
(138,44)
(139,45)
(139,46)
(139,47)
(140,48)
(141,47)
(142,48)
(142,49)
(141,50)
(142,51)
(143,52)
(144,53)
(145,53)
(146,54)
(147,55)
(148,56)
(149,57)
(149,58)
(149,59)
(150,60)
(151,61)
(152,61)
(153,61)
(154,62)
(155,63)
(156,64)
(157,65)
(158,66)
(159,67)
(159,68)
(159,69)
(159,70)
(159,71)
(159,72)
(159,73)
(159,74)
(158,75)
(157,74)
(156,75)
(156,76)
(157,77)
(157,78)
(158,79)
(159,80)
(159,81)
(159,82)
(159,83)
(158,84)
(158,85)
(159,86)
(158,87)
(159,88)
(159,89)
(159,90)
(159,91)
(158,92)
(158,93)
(159,94)
(159,95)
(159,96)
(158,97)
(157,96)
(157,95)
(156,94)
(156,93)
(156,92)
(156,91)
(155,90)
(154,89)
(155,88)
(155,87)
(155,86)
(155,85)
(155,84)
(156,83)
(157,82)
(156,81)
(156,80)
(155,79)
(154,78)
(153,79)
(153,80)
(154,81)
(154,82)
(153,83)
(152,83)
(151,84)
(152,85)
(152,86)
(151,87)
(151,88)
(151,89)
(152,90)
(153,91)
(154,92)
(154,93)
(153,94)
(154,95)
(155,96)
(155,97)
(156,98)
(156,99)
(157,100)
(158,100)
(159,101)
(158,102)
(157,102)
(156,102)
(155,102)
(154,103)
(155,104)
(156,105)
(156,106)
(157,107)
(158,108)
(159,109)
(159,110)
(159,111)
(159,112)
(159,113)
(159,114)
(159,115)
(159,116)
(158,117)
(157,116)
(157,115)
(157,114)
(157,113)
(157,112)
(157,111)
(157,110)
(156,109)
(155,108)
(154,107)
(154,106)
(153,105)
(152,104)
(152,103)
(152,102)
(153,101)
(152,100)
(153,99)
(153,98)
(153,97)
(152,96)
(151,97)
(151,98)
(150,99)
(150,100)
(150,101)
(150,102)
(149,103)
(149,104)
(149,105)
(150,106)
(151,106)
(152,107)
(152,108)
(153,109)
(154,110)
(154,111)
(154,112)
(154,113)
(155,114)
(155,115)
(155,116)
(155,117)
(154,118)
(153,117)
(153,116)
(153,115)
(152,114)
(152,113)
(152,112)
(152,111)
(151,110)
(150,109)
(149,108)
(148,107)
(147,106)
(147,105)
(147,104)
(146,103)
(145,102)
(146,101)
(147,100)
(148,99)
(148,98)
(149,97)
(149,96)
(150,95)
(151,94)
(151,93)
(151,92)
(150,91)
(149,90)
(149,89)
(148,88)
(149,87)
(148,86)
(149,85)
(149,84)
(149,83)
(149,82)
(148,81)
(148,80)
(148,79)
(149,78)
(150,77)
(151,76)
(151,75)
(151,74)
(151,73)
(151,72)
(151,71)
(151,70)
(150,69)
(151,68)
(152,67)
(153,67)
(154,66)
(153,65)
(152,64)
(151,63)
(150,63)
(149,62)
(148,61)
(147,60)
(147,59)
(147,58)
(146,57)
(145,57)
(144,56)
(143,55)
(142,54)
(141,53)
(140,52)
(139,51)
(138,50)
(137,51)
(137,52)
(138,53)
(139,54)
(138,55)
(138,56)
(139,57)
(140,56)
(141,57)
(141,58)
(141,59)
(142,60)
(143,59)
(144,60)
(145,61)
(146,62)
(147,63)
(148,64)
(147,65)
(148,66)
(148,67)
(148,68)
(148,69)
(147,70)
(146,69)
(146,68)
(146,67)
(145,66)
(145,65)
(145,64)
(144,63)
(143,62)
(142,62)
(141,62)
(140,61)
(139,60)
(138,59)
(137,59)
(136,60)
(136,61)
(136,62)
(137,63)
(138,62)
(139,63)
(140,64)
(141,64)
(142,64)
(143,65)
(143,66)
(143,67)
(144,68)
(144,69)
(144,70)
(144,71)
(145,72)
(146,72)
(147,72)
(148,73)
(147,74)
(146,74)
(145,75)
(146,76)
(145,77)
(146,78)
(146,79)
(146,80)
(146,81)
(146,82)
(147,83)
(147,84)
(146,85)
(146,86)
(145,87)
(146,88)
(146,89)
(147,90)
(147,91)
(148,92)
(148,93)
(147,94)
(147,95)
(147,96)
(146,97)
(145,96)
(145,95)
(144,94)
(143,93)
(144,92)
(145,91)
(144,90)
(144,89)
(143,88)
(143,87)
(143,86)
(144,85)
(144,84)
(143,83)
(144,82)
(143,81)
(144,80)
(144,79)
(143,78)
(143,77)
(143,76)
(143,75)
(143,74)
(143,73)
(142,72)
(141,71)
(141,70)
(141,69)
(140,68)
(140,67)
(139,66)
(138,65)
(137,65)
(136,66)
(137,67)
(138,68)
(138,69)
(139,70)
(139,71)
(139,72)
(140,73)
(140,74)
(141,75)
(140,76)
(141,77)
(141,78)
(141,79)
(140,80)
(141,81)
(140,82)
(141,83)
(140,84)
(139,84)
(138,84)
(137,83)
(138,82)
(138,81)
(138,80)
(138,79)
(139,78)
(138,77)
(137,76)
(137,75)
(138,74)
(137,73)
(137,72)
(137,71)
(136,70)
(136,69)
(135,68)
(134,67)
(134,66)
(133,65)
(134,64)
(134,63)
(134,62)
(134,61)
(134,60)
(134,59)
(135,58)
(135,57)
(136,56)
(136,55)
(135,54)
(135,53)
(135,52)
(134,51)
(133,50)
(133,49)
(133,48)
(133,47)
(133,46)
(133,45)
(133,44)
(134,43)
(135,42)
(134,41)
(135,40)
(135,39)
(135,38)
(134,37)
(133,36)
(132,35)
(131,34)
(131,33)
(132,32)
(133,31)
(132,30)
(131,29)
(130,28)
(129,27)
(128,26)
(128,25)
(128,24)
(128,23)
(129,22)
(128,21)
(127,21)
(126,22)
(126,23)
(126,24)
(126,25)
(126,26)
(125,27)
(126,28)
(127,28)
(128,29)
(129,30)
(130,31)
(129,32)
(129,33)
(128,34)
(127,33)
(126,32)
(125,32)
(124,32)
(123,31)
(124,30)
(123,29)
(122,29)
(121,28)
(121,27)
(122,26)
(123,25)
(124,24)
(124,23)
(123,22)
(124,21)
(124,20)
(125,19)
(125,18)
(124,17)
(123,16)
(122,15)
(121,16)
(121,17)
(122,18)
(122,19)
(122,20)
(121,21)
(121,22)
(121,23)
(121,24)
(120,25)
(119,24)
(119,23)
(119,22)
(118,21)
(119,20)
(118,19)
(118,18)
(118,17)
(118,16)
(119,15)
(120,14)
(120,13)
(121,12)
(122,11)
(123,10)
(123,9)
(123,8)
(122,7)
(121,7)
(120,7)
(119,6)
(118,5)
(117,4)
(116,3)
(115,2)
(114,3)
(114,4)
(115,5)
(116,6)
(117,7)
(117,8)
(118,9)
(119,9)
(120,10)
(119,11)
(118,11)
(117,11)
(116,12)
(115,11)
(115,10)
(114,9)
(114,8)
(114,7)
(113,6)
(112,5)
(111,4)
(110,5)
(110,6)
(111,7)
(112,8)
(112,9)
(112,10)
(113,11)
(112,12)
(113,13)
(114,13)
(115,14)
(115,15)
(116,16)
(116,17)
(115,18)
(116,19)
(116,20)
(116,21)
(116,22)
(117,23)
(117,24)
(116,25)
(117,26)
(118,26)
(119,27)
(119,28)
(119,29)
(119,30)
(120,31)
(121,32)
(122,33)
(123,34)
(124,35)
(123,36)
(124,37)
(125,38)
(126,39)
(127,38)
(128,37)
(129,38)
(129,39)
(130,40)
(131,39)
(132,40)
(132,41)
(132,42)
(131,43)
(131,44)
(131,45)
(131,46)
(131,47)
(131,48)
(131,49)
(131,50)
(131,51)
(132,52)
(133,53)
(133,54)
(133,55)
(132,56)
(131,55)
(130,54)
(129,54)
(128,54)
(127,53)
(127,52)
(128,51)
(129,50)
(129,49)
(129,48)
(129,47)
(129,46)
(129,45)
(129,44)
(129,43)
(128,42)
(127,41)
(126,42)
(126,43)
(127,44)
(127,45)
(126,46)
(126,47)
(125,48)
(126,49)
(126,50)
(125,51)
(125,52)
(125,53)
(125,54)
(125,55)
(124,56)
(125,57)
(126,58)
(127,59)
(128,58)
(129,59)
(130,60)
(131,61)
(132,62)
(132,63)
(131,64)
(131,65)
(131,66)
(132,67)
(132,68)
(133,69)
(134,70)
(134,71)
(135,72)
(135,73)
(135,74)
(134,75)
(134,76)
(134,77)
(134,78)
(135,79)
(136,80)
(135,81)
(134,81)
(133,80)
(132,79)
(132,78)
(132,77)
(132,76)
(131,75)
(131,74)
(132,73)
(132,72)
(132,71)
(131,70)
(130,69)
(130,68)
(129,67)
(129,66)
(129,65)
(129,64)
(129,63)
(128,62)
(127,61)
(126,61)
(125,61)
(124,60)
(124,59)
(123,58)
(122,57)
(122,56)
(122,55)
(123,54)
(123,53)
(123,52)
(123,51)
(123,50)
(123,49)
(123,48)
(123,47)
(124,46)
(124,45)
(124,44)
(124,43)
(124,42)
(124,41)
(123,40)
(122,39)
(122,38)
(121,37)
(121,36)
(121,35)
(120,34)
(119,33)
(118,32)
(117,32)
(116,32)
(115,31)
(116,30)
(117,29)
(116,28)
(115,27)
(114,28)
(113,27)
(113,26)
(112,25)
(113,24)
(113,23)
(112,22)
(111,21)
(112,20)
(113,19)
(113,18)
(113,17)
(113,16)
(112,15)
(111,14)
(110,13)
(110,12)
(110,11)
(109,10)
(108,9)
(109,8)
(108,7)
(107,6)
(106,6)
(105,6)
(104,6)
(103,6)
(102,5)
(101,5)
(100,5)
(99,6)
(98,7)
(99,8)
(100,8)
(101,9)
(102,10)
(103,9)
(104,8)
(105,9)
(105,10)
(104,11)
(104,12)
(104,13)
(105,14)
(106,13)
(107,12)
(108,13)
(108,14)
(109,15)
(110,16)
(111,17)
(111,18)
(110,19)
(109,18)
(108,17)
(107,16)
(106,16)
(105,16)
(104,16)
(103,15)
(102,15)
(101,14)
(102,13)
(101,12)
(100,11)
(99,10)
(98,10)
(97,9)
(96,10)
(96,11)
(97,12)
(98,13)
(99,14)
(99,15)
(100,16)
(101,17)
(102,17)
(103,18)
(103,19)
(104,20)
(105,21)
(106,22)
(107,21)
(108,22)
(109,23)
(110,24)
(110,25)
(109,26)
(110,27)
(111,28)
(111,29)
(112,30)
(112,31)
(113,32)
(113,33)
(114,34)
(115,34)
(116,34)
(117,35)
(118,35)
(119,36)
(118,37)
(119,38)
(120,39)
(120,40)
(121,41)
(122,42)
(122,43)
(122,44)
(122,45)
(121,46)
(120,46)
(119,45)
(120,44)
(120,43)
(119,42)
(118,41)
(118,40)
(117,39)
(116,38)
(116,37)
(115,36)
(114,36)
(113,36)
(112,36)
(111,37)
(112,38)
(113,39)
(114,40)
(115,40)
(116,41)
(116,42)
(116,43)
(115,44)
(116,45)
(117,46)
(118,47)
(119,48)
(119,49)
(119,50)
(120,51)
(120,52)
(119,53)
(118,52)
(117,51)
(116,52)
(116,53)
(117,54)
(118,55)
(119,56)
(120,57)
(120,58)
(121,59)
(121,60)
(121,61)
(121,62)
(122,63)
(123,63)
(124,63)
(125,64)
(126,65)
(127,66)
(127,67)
(127,68)
(128,69)
(128,70)
(129,71)
(130,72)
(129,73)
(129,74)
(128,75)
(128,76)
(128,77)
(128,78)
(129,79)
(128,80)
(129,81)
(130,81)
(131,81)
(132,82)
(133,83)
(134,84)
(135,84)
(136,85)
(137,86)
(137,87)
(138,88)
(138,89)
(138,90)
(138,91)
(138,92)
(138,93)
(137,94)
(137,95)
(137,96)
(138,97)
(139,96)
(140,96)
(141,95)
(142,95)
(143,96)
(143,97)
(144,98)
(144,99)
(144,100)
(143,101)
(143,102)
(142,103)
(141,102)
(140,101)
(139,102)
(139,103)
(138,104)
(139,105)
(140,106)
(139,107)
(140,108)
(141,108)
(142,108)
(143,107)
(144,107)
(145,107)
(146,108)
(147,109)
(148,110)
(149,111)
(150,112)
(150,113)
(150,114)
(150,115)
(151,116)
(151,117)
(151,118)
(150,119)
(149,118)
(149,117)
(148,116)
(148,115)
(148,114)
(148,113)
(147,112)
(146,111)
(145,111)
(144,110)
(143,110)
(142,110)
(141,110)
(140,110)
(139,111)
(140,112)
(141,113)
(142,112)
(143,112)
(144,113)
(145,113)
(146,114)
(146,115)
(146,116)
(145,117)
(144,116)
(143,115)
(142,115)
(141,116)
(142,117)
(143,118)
(142,119)
(141,119)
(140,118)
(139,117)
(139,116)
(139,115)
(139,114)
(138,113)
(137,112)
(137,111)
(137,110)
(138,109)
(137,108)
(137,107)
(137,106)
(136,105)
(136,104)
(135,103)
(136,102)
(137,101)
(136,100)
(136,99)
(136,98)
(135,97)
(135,96)
(134,95)
(135,94)
(135,93)
(135,92)
(135,91)
(136,90)
(136,89)
(135,88)
(135,87)
(134,86)
(133,86)
(132,85)
(131,84)
(130,84)
(129,84)
(128,83)
(127,82)
(126,81)
(126,80)
(126,79)
(126,78)
(126,77)
(126,76)
(126,75)
(126,74)
(126,73)
(125,72)
(125,71)
(125,70)
(124,69)
(123,68)
(123,67)
(123,66)
(122,65)
(121,66)
(121,67)
(121,68)
(121,69)
(122,70)
(123,71)
(123,72)
(123,73)
(124,74)
(124,75)
(124,76)
(124,77)
(124,78)
(124,79)
(124,80)
(124,81)
(124,82)
(125,83)
(126,84)
(127,85)
(127,86)
(128,87)
(129,86)
(130,86)
(131,87)
(131,88)
(132,89)
(133,90)
(132,91)
(133,92)
(133,93)
(132,94)
(132,95)
(131,96)
(132,97)
(133,98)
(134,99)
(133,100)
(132,101)
(133,102)
(133,103)
(133,104)
(134,105)
(134,106)
(134,107)
(135,108)
(135,109)
(135,110)
(135,111)
(135,112)
(135,113)
(136,114)
(136,115)
(137,116)
(137,117)
(137,118)
(136,119)
(135,118)
(135,117)
(134,116)
(134,115)
(133,114)
(133,113)
(133,112)
(133,111)
(133,110)
(132,109)
(132,108)
(132,107)
(132,106)
(131,105)
(131,104)
(131,103)
(130,102)
(129,101)
(130,100)
(131,99)
(130,98)
(129,97)
(128,96)
(129,95)
(130,94)
(130,93)
(130,92)
(130,91)
(129,90)
(128,89)
(127,89)
(126,89)
(125,88)
(125,87)
(125,86)
(124,85)
(123,84)
(122,84)
(121,84)
(120,83)
(121,82)
(122,81)
(122,80)
(122,79)
(121,78)
(120,77)
(119,77)
(118,76)
(119,75)
(118,74)
(119,73)
(120,72)
(120,71)
(119,70)
(119,69)
(118,68)
(118,67)
(118,66)
(118,65)
(118,64)
(119,63)
(119,62)
(119,61)
(119,60)
(118,59)
(118,58)
(117,57)
(116,56)
(115,55)
(114,54)
(113,53)
(114,52)
(113,51)
(114,50)
(115,49)
(115,48)
(115,47)
(114,46)
(113,45)
(113,44)
(113,43)
(113,42)
(112,41)
(111,40)
(110,39)
(109,38)
(109,37)
(109,36)
(109,35)
(109,34)
(109,33)
(109,32)
(110,31)
(109,30)
(108,29)
(107,30)
(107,31)
(106,32)
(107,33)
(107,34)
(107,35)
(106,36)
(107,37)
(107,38)
(107,39)
(106,40)
(106,41)
(107,42)
(107,43)
(107,44)
(107,45)
(108,46)
(109,46)
(110,46)
(111,47)
(112,47)
(113,48)
(112,49)
(111,49)
(110,49)
(109,48)
(108,48)
(107,48)
(106,47)
(105,46)
(105,45)
(105,44)
(104,43)
(104,42)
(104,41)
(103,40)
(103,39)
(104,38)
(104,37)
(104,36)
(104,35)
(105,34)
(104,33)
(104,32)
(104,31)
(105,30)
(105,29)
(104,28)
(103,27)
(104,26)
(105,25)
(104,24)
(103,23)
(102,22)
(101,23)
(100,22)
(100,21)
(101,20)
(100,19)
(99,18)
(98,17)
(97,16)
(97,15)
(96,14)
(95,13)
(94,13)
(93,14)
(94,15)
(95,16)
(95,17)
(96,18)
(96,19)
(97,20)
(98,21)
(97,22)
(97,23)
(98,24)
(99,25)
(99,26)
(99,27)
(100,28)
(101,28)
(102,29)
(102,30)
(102,31)
(101,32)
(102,33)
(101,34)
(100,34)
(99,33)
(99,32)
(99,31)
(99,30)
(98,29)
(97,30)
(97,31)
(97,32)
(97,33)
(97,34)
(97,35)
(96,36)
(97,37)
(98,38)
(99,37)
(100,37)
(101,38)
(100,39)
(101,40)
(101,41)
(102,42)
(102,43)
(102,44)
(103,45)
(102,46)
(102,47)
(102,48)
(103,49)
(104,50)
(103,51)
(104,52)
(105,52)
(106,52)
(107,53)
(108,53)
(109,53)
(110,53)
(111,54)
(111,55)
(112,56)
(113,56)
(114,57)
(114,58)
(115,59)
(115,60)
(114,61)
(114,62)
(114,63)
(115,64)
(116,65)
(116,66)
(116,67)
(115,68)
(114,68)
(113,67)
(113,66)
(112,65)
(112,64)
(112,63)
(112,62)
(112,61)
(112,60)
(112,59)
(111,58)
(110,57)
(109,57)
(108,57)
(107,57)
(106,56)
(106,55)
(105,54)
(104,54)
(103,54)
(102,53)
(101,54)
(101,55)
(102,56)
(103,57)
(104,58)
(104,59)
(104,60)
(105,61)
(105,62)
(105,63)
(105,64)
(105,65)
(105,66)
(105,67)
(105,68)
(104,69)
(103,68)
(102,67)
(102,66)
(103,65)
(103,64)
(103,63)
(103,62)
(102,61)
(102,60)
(102,59)
(101,58)
(100,57)
(99,58)
(99,59)
(100,60)
(100,61)
(100,62)
(101,63)
(100,64)
(100,65)
(99,66)
(100,67)
(100,68)
(100,69)
(99,70)
(100,71)
(101,72)
(100,73)
(101,74)
(101,75)
(100,76)
(101,77)
(101,78)
(101,79)
(100,80)
(99,79)
(99,78)
(98,77)
(97,76)
(97,75)
(98,74)
(98,73)
(98,72)
(97,71)
(97,70)
(97,69)
(98,68)
(97,67)
(97,66)
(97,65)
(97,64)
(98,63)
(98,62)
(97,61)
(96,60)
(97,59)
(97,58)
(97,57)
(96,56)
(95,57)
(94,56)
(93,55)
(92,56)
(92,57)
(93,58)
(93,59)
(93,60)
(93,61)
(93,62)
(94,63)
(94,64)
(95,65)
(95,66)
(94,67)
(93,66)
(92,66)
(91,65)
(92,64)
(91,63)
(91,62)
(91,61)
(91,60)
(90,59)
(90,58)
(90,57)
(90,56)
(90,55)
(91,54)
(91,53)
(90,52)
(90,51)
(90,50)
(89,49)
(89,48)
(90,47)
(91,46)
(92,46)
(93,45)
(94,45)
(95,44)
(96,43)
(97,42)
(98,41)
(97,40)
(96,39)
(95,38)
(94,37)
(93,36)
(92,35)
(93,34)
(94,33)
(95,32)
(94,31)
(94,30)
(94,29)
(94,28)
(95,27)
(96,26)
(95,25)
(94,24)
(93,23)
(94,22)
(95,21)
(94,20)
(93,19)
(92,18)
(93,17)
(92,16)
(91,15)
(90,16)
(90,17)
(90,18)
(90,19)
(91,20)
(92,21)
(91,22)
(91,23)
(91,24)
(92,25)
(93,26)
(92,27)
(92,28)
(92,29)
(92,30)
(92,31)
(92,32)
(91,33)
(90,32)
(90,31)
(90,30)
(90,29)
(90,28)
(90,27)
(90,26)
(89,25)
(89,24)
(89,23)
(89,22)
(88,21)
(88,20)
(87,19)
(86,18)
(85,19)
(85,20)
(86,21)
(86,22)
(87,23)
(87,24)
(87,25)
(87,26)
(86,27)
(85,27)
(84,26)
(85,25)
(84,24)
(84,23)
(83,22)
(82,22)
(81,23)
(82,24)
(82,25)
(82,26)
(82,27)
(82,28)
(83,29)
(84,30)
(83,31)
(83,32)
(84,33)
(85,32)
(86,31)
(87,31)
(88,32)
(88,33)
(88,34)
(89,35)
(90,36)
(91,37)
(92,38)
(93,39)
(94,40)
(95,41)
(94,42)
(93,42)
(92,41)
(91,40)
(90,39)
(89,38)
(88,37)
(87,36)
(86,35)
(85,35)
(84,35)
(83,36)
(84,37)
(85,37)
(86,38)
(87,39)
(87,40)
(88,41)
(89,42)
(90,42)
(91,43)
(90,44)
(89,44)
(88,44)
(87,44)
(86,44)
(85,43)
(84,42)
(84,41)
(85,40)
(84,39)
(83,39)
(82,38)
(81,37)
(81,36)
(81,35)
(82,34)
(81,33)
(81,32)
(80,31)
(81,30)
(80,29)
(79,28)
(80,27)
(80,26)
(79,25)
(78,26)
(77,27)
(77,28)
(77,29)
(77,30)
(78,31)
(78,32)
(79,33)
(79,34)
(78,35)
(79,36)
(79,37)
(79,38)
(80,39)
(81,40)
(82,41)
(81,42)
(80,42)
(79,42)
(78,41)
(78,40)
(77,39)
(77,38)
(77,37)
(76,36)
(76,35)
(76,34)
(76,33)
(76,32)
(75,31)
(74,30)
(73,31)
(73,32)
(73,33)
(74,34)
(74,35)
(74,36)
(74,37)
(75,38)
(75,39)
(75,40)
(76,41)
(76,42)
(77,43)
(77,44)
(78,45)
(79,46)
(80,47)
(81,47)
(82,46)
(83,46)
(84,45)
(85,46)
(86,46)
(87,47)
(87,48)
(86,49)
(85,48)
(84,49)
(84,50)
(85,51)
(86,51)
(87,51)
(88,52)
(88,53)
(88,54)
(88,55)
(88,56)
(88,57)
(88,58)
(88,59)
(88,60)
(87,61)
(86,60)
(85,60)
(84,60)
(83,60)
(82,59)
(81,58)
(82,57)
(82,56)
(82,55)
(82,54)
(82,53)
(83,52)
(82,51)
(81,50)
(80,49)
(79,50)
(79,51)
(80,52)
(79,53)
(79,54)
(79,55)
(78,56)
(77,55)
(77,54)
(77,53)
(77,52)
(77,51)
(77,50)
(77,49)
(76,48)
(75,49)
(74,49)
(73,49)
(72,48)
(71,49)
(71,50)
(72,51)
(73,52)
(73,53)
(74,54)
(73,55)
(73,56)
(73,57)
(73,58)
(74,59)
(75,60)
(74,61)
(73,61)
(72,60)
(71,59)
(71,58)
(71,57)
(71,56)
(70,55)
(69,56)
(69,57)
(69,58)
(69,59)
(69,60)
(70,61)
(70,62)
(69,63)
(69,64)
(69,65)
(69,66)
(69,67)
(69,68)
(69,69)
(69,70)
(69,71)
(69,72)
(69,73)
(69,74)
(69,75)
(69,76)
(69,77)
(68,78)
(68,79)
(67,80)
(67,81)
(68,82)
(68,83)
(68,84)
(68,85)
(69,86)
(70,85)
(71,86)
(72,86)
(73,85)
(74,86)
(75,87)
(76,86)
(77,85)
(78,85)
(79,84)
(80,83)
(81,83)
(82,82)
(83,81)
(84,80)
(85,81)
(85,82)
(86,83)
(87,84)
(88,85)
(89,86)
(90,87)
(91,86)
(92,85)
(93,84)
(94,83)
(95,82)
(96,83)
(97,84)
(98,85)
(98,86)
(99,87)
(100,86)
(101,85)
(102,86)
(103,86)
(104,86)
(105,87)
(106,88)
(107,88)
(108,87)
(109,86)
(110,86)
(111,86)
(112,86)
(113,86)
(114,86)
(115,86)
(116,86)
(117,86)
(118,86)
(119,85)
(120,86)
(121,86)
(122,86)
(123,87)
(123,88)
(123,89)
(124,90)
(124,91)
(125,92)
(126,93)
(126,94)
(126,95)
(126,96)
(126,97)
(127,98)
(128,99)
(127,100)
(127,101)
(127,102)
(128,103)
(129,104)
(129,105)
(129,106)
(130,107)
(130,108)
(130,109)
(130,110)
(131,111)
(131,112)
(131,113)
(131,114)
(131,115)
(132,116)
(132,117)
(133,118)
(132,119)
(131,119)
(130,118)
(130,117)
(129,116)
(128,116)
(127,115)
(128,114)
(128,113)
(128,112)
(128,111)
(128,110)
(128,109)
(127,108)
(127,107)
(127,106)
(126,105)
(126,104)
(125,103)
(125,102)
(124,101)
(123,100)
(124,99)
(124,98)
(124,97)
(124,96)
(124,95)
(124,94)
(123,93)
(122,92)
(122,91)
(121,90)
(120,90)
(119,89)
(118,88)
(117,88)
(116,88)
(115,88)
(114,88)
(113,88)
(112,88)
(111,88)
(110,89)
(111,90)
(112,90)
(113,91)
(114,92)
(115,91)
(116,90)
(117,90)
(118,91)
(119,92)
(120,93)
(121,94)
(122,95)
(122,96)
(121,97)
(121,98)
(121,99)
(121,100)
(121,101)
(122,102)
(123,103)
(123,104)
(124,105)
(124,106)
(124,107)
(125,108)
(125,109)
(126,110)
(126,111)
(126,112)
(126,113)
(125,114)
(125,115)
(125,116)
(126,117)
(127,118)
(126,119)
(125,119)
(124,118)
(123,117)
(123,116)
(123,115)
(123,114)
(123,113)
(124,112)
(123,111)
(123,110)
(123,109)
(122,108)
(122,107)
(121,106)
(120,105)
(121,104)
(120,103)
(119,102)
(118,103)
(117,102)
(116,101)
(116,100)
(116,99)
(117,98)
(118,97)
(119,96)
(119,95)
(118,94)
(117,93)
(116,93)
(115,94)
(115,95)
(116,96)
(115,97)
(114,98)
(114,99)
(114,100)
(114,101)
(114,102)
(115,103)
(116,104)
(116,105)
(117,106)
(118,106)
(119,107)
(120,108)
(120,109)
(121,110)
(121,111)
(121,112)
(121,113)
(121,114)
(121,115)
(121,116)
(121,117)
(121,118)
(120,119)
(119,118)
(119,117)
(119,116)
(118,115)
(119,114)
(119,113)
(119,112)
(119,111)
(118,110)
(118,109)
(117,108)
(116,108)
(115,107)
(114,106)
(114,105)
(113,104)
(112,104)
(111,103)
(112,102)
(112,101)
(112,100)
(112,99)
(112,98)
(112,97)
(113,96)
(113,95)
(113,94)
(112,93)
(111,92)
(110,92)
(109,93)
(110,94)
(111,95)
(110,96)
(110,97)
(110,98)
(110,99)
(110,100)
(109,101)
(108,100)
(108,99)
(108,98)
(107,97)
(108,96)
(108,95)
(107,94)
(107,93)
(107,92)
(108,91)
(107,90)
(106,90)
(105,90)
(104,89)
(103,88)
(102,88)
(101,88)
(100,89)
(101,90)
(102,90)
(103,91)
(103,92)
(102,93)
(102,94)
(101,95)
(102,96)
(103,96)
(104,96)
(105,97)
(105,98)
(106,99)
(106,100)
(106,101)
(106,102)
(107,103)
(108,103)
(109,104)
(110,105)
(111,106)
(112,107)
(111,108)
(111,109)
(112,110)
(113,109)
(114,109)
(115,110)
(116,111)
(117,112)
(117,113)
(116,114)
(116,115)
(116,116)
(117,117)
(117,118)
(116,119)
(115,118)
(114,117)
(114,116)
(114,115)
(114,114)
(113,113)
(112,112)
(111,112)
(110,113)
(111,114)
(111,115)
(111,116)
(111,117)
(110,118)
(109,117)
(109,116)
(109,115)
(108,114)
(107,113)
(107,112)
(106,111)
(105,110)
(105,109)
(105,108)
(104,107)
(104,106)
(104,105)
(105,104)
(104,103)
(104,102)
(104,101)
(104,100)
(103,99)
(102,98)
(101,98)
(100,97)
(99,97)
(98,96)
(99,95)
(99,94)
(99,93)
(100,92)
(99,91)
(98,90)
(97,89)
(96,88)
(96,87)
(96,86)
(95,85)
(94,86)
(94,87)
(94,88)
(94,89)
(95,90)
(96,91)
(97,92)
(97,93)
(97,94)
(96,95)
(96,96)
(95,97)
(95,98)
(95,99)
(96,100)
(97,99)
(98,100)
(99,99)
(100,100)
(101,100)
(102,101)
(102,102)
(101,103)
(101,104)
(101,105)
(102,106)
(101,107)
(102,108)
(102,109)
(103,110)
(103,111)
(104,112)
(105,113)
(105,114)
(106,115)
(106,116)
(106,117)
(105,118)
(104,118)
(103,117)
(104,116)
(103,115)
(103,114)
(102,113)
(101,112)
(101,111)
(100,110)
(100,109)
(99,108)
(98,107)
(99,106)
(99,105)
(99,104)
(99,103)
(98,102)
(97,102)
(96,102)
(95,102)
(94,101)
(93,100)
(93,99)
(93,98)
(93,97)
(93,96)
(93,95)
(93,94)
(93,93)
(93,92)
(93,91)
(92,90)
(91,89)
(90,90)
(90,91)
(91,92)
(91,93)
(91,94)
(91,95)
(91,96)
(91,97)
(90,98)
(91,99)
(90,100)
(90,101)
(90,102)
(91,103)
(92,102)
(93,103)
(94,104)
(95,104)
(96,105)
(96,106)
(96,107)
(96,108)
(97,109)
(96,110)
(96,111)
(96,112)
(97,113)
(97,114)
(98,115)
(99,116)
(100,117)
(99,118)
(98,119)
(97,119)
(96,118)
(97,117)
(96,116)
(95,116)
(94,117)
(94,118)
(93,119)
(92,118)
(91,117)
(92,116)
(93,115)
(94,114)
(94,113)
(94,112)
(94,111)
(94,110)
(94,109)
(94,108)
(94,107)
(93,106)
(92,105)
(91,105)
(90,105)
(89,104)
(88,103)
(88,102)
(88,101)
(88,100)
(87,99)
(88,98)
(88,97)
(89,96)
(89,95)
(89,94)
(89,93)
(88,92)
(88,91)
(88,90)
(88,89)
(88,88)
(87,87)
(86,86)
(85,85)
(84,84)
(83,84)
(82,85)
(81,85)
(80,86)
(80,87)
(80,88)
(80,89)
(80,90)
(81,91)
(82,91)
(83,90)
(84,91)
(84,92)
(84,93)
(84,94)
(84,95)
(85,96)
(86,97)
(85,98)
(85,99)
(84,100)
(84,101)
(85,102)
(86,103)
(86,104)
(87,105)
(88,106)
(89,107)
(90,107)
(91,107)
(92,108)
(92,109)
(92,110)
(92,111)
(91,112)
(91,113)
(91,114)
(90,115)
(89,114)
(89,113)
(89,112)
(89,111)
(90,110)
(89,109)
(88,109)
(87,109)
(86,110)
(87,111)
(86,112)
(87,113)
(87,114)
(87,115)
(87,116)
(86,117)
(85,118)
(84,117)
(83,116)
(84,115)
(85,114)
(84,113)
(83,112)
(83,111)
(83,110)
(83,109)
(83,108)
(83,107)
(84,106)
(83,105)
(84,104)
(83,103)
(82,103)
(81,102)
(81,101)
(81,100)
(82,99)
(83,98)
(82,97)
(82,96)
(82,95)
(82,94)
(81,93)
(80,93)
(79,92)
(78,91)
(78,90)
(78,89)
(77,88)
(76,89)
(76,90)
(76,91)
(76,92)
(76,93)
(77,94)
(77,95)
(78,96)
(79,95)
(80,96)
(80,97)
(80,98)
(79,99)
(79,100)
(79,101)
(79,102)
(79,103)
(78,104)
(78,105)
(78,106)
(79,107)
(80,108)
(81,109)
(81,110)
(81,111)
(81,112)
(81,113)
(82,114)
(81,115)
(81,116)
(81,117)
(81,118)
(80,119)
(79,118)
(79,117)
(79,116)
(79,115)
(78,114)
(77,113)
(77,112)
(76,111)
(76,110)
(75,109)
(74,108)
(75,107)
(76,106)
(76,105)
(76,104)
(76,103)
(77,102)
(77,101)
(77,100)
(77,99)
(77,98)
(76,97)
(75,96)
(75,95)
(74,94)
(74,93)
(74,92)
(74,91)
(73,90)
(72,91)
(71,90)
(71,89)
(70,88)
(69,88)
(68,88)
(67,87)
(66,87)
(65,87)
(64,86)
(64,85)
(64,84)
(65,83)
(65,82)
(65,81)
(65,80)
(65,79)
(66,78)
(66,77)
(67,76)
(67,75)
(66,74)
(66,73)
(65,72)
(64,71)
(64,70)
(63,69)
(64,68)
(65,67)
(66,66)
(67,65)
(67,64)
(66,63)
(65,62)
(64,61)
(65,60)
(66,59)
(65,58)
(64,57)
(65,56)
(66,55)
(67,54)
(68,53)
(69,52)
(69,51)
(69,50)
(69,49)
(69,48)
(68,47)
(67,46)
(67,45)
(67,44)
(67,43)
(66,42)
(67,41)
(68,40)
(69,40)
(70,39)
(71,38)
(72,37)
(72,36)
(72,35)
(71,34)
(71,33)
(70,32)
(69,33)
(69,34)
(68,35)
(69,36)
(69,37)
(68,38)
(67,37)
(66,36)
(65,35)
(64,34)
(64,33)
(64,32)
(65,31)
(66,30)
(67,29)
(68,28)
(69,27)
(70,26)
(71,25)
(72,24)
(73,23)
(74,22)
(75,21)
(76,21)
(77,20)
(78,19)
(79,18)
(80,17)
(81,17)
(82,16)
(83,15)
(83,14)
(83,13)
(83,12)
(84,11)
(85,10)
(86,9)
(87,8)
(88,7)
(88,6)
(88,5)
(89,4)
(90,3)
(91,3)
(92,2)
(93,1)
(92,0)
(91,0)
(90,0)
(89,0)
(88,0)
(87,0)
(86,1)
(85,1)
(84,0)
(83,0)
(82,0)
(81,0)
(80,1)
(81,2)
(80,3)
(81,4)
(82,4)
(83,3)
(84,4)
(84,5)
(85,6)
(85,7)
(84,8)
(83,7)
(82,6)
(81,6)
(80,6)
(79,5)
(78,4)
(78,3)
(78,2)
(78,1)
(77,0)
(76,0)
(75,1)
(75,2)
(76,3)
(76,4)
(76,5)
(77,6)
(78,7)
(79,8)
(80,9)
(81,10)
(81,11)
(80,12)
(80,13)
(81,14)
(80,15)
(79,15)
(78,14)
(78,13)
(78,12)
(78,11)
(78,10)
(77,9)
(76,8)
(75,7)
(74,6)
(74,5)
(74,4)
(73,3)
(72,4)
(72,5)
(72,6)
(72,7)
(73,8)
(73,9)
(73,10)
(74,11)
(75,10)
(76,11)
(76,12)
(76,13)
(76,14)
(76,15)
(77,16)
(76,17)
(75,18)
(74,17)
(74,16)
(73,15)
(72,16)
(72,17)
(72,18)
(73,19)
(73,20)
(72,21)
(71,20)
(70,19)
(70,18)
(69,17)
(70,16)
(70,15)
(70,14)
(71,13)
(71,12)
(71,11)
(71,10)
(70,9)
(69,9)
(68,8)
(68,7)
(69,6)
(70,5)
(69,4)
(70,3)
(69,2)
(68,1)
(67,1)
(66,0)
(65,0)
(64,0)
(63,0)
(62,0)
(61,1)
(62,2)
(63,3)
(63,4)
(64,5)
(65,4)
(66,3)
(67,4)
(67,5)
(66,6)
(66,7)
(66,8)
(66,9)
(67,10)
(68,11)
(69,12)
(68,13)
(68,14)
(68,15)
(67,16)
(67,17)
(67,18)
(68,19)
(68,20)
(69,21)
(70,22)
(70,23)
(69,24)
(68,23)
(67,22)
(66,21)
(66,20)
(65,19)
(65,18)
(64,17)
(65,16)
(65,15)
(66,14)
(65,13)
(66,12)
(65,11)
(64,10)
(64,9)
(63,8)
(63,7)
(62,6)
(61,5)
(60,4)
(59,5)
(59,6)
(58,7)
(58,8)
(59,9)
(60,10)
(61,10)
(62,11)
(62,12)
(63,13)
(63,14)
(63,15)
(62,16)
(62,17)
(62,18)
(63,19)
(63,20)
(64,21)
(64,22)
(65,23)
(66,24)
(67,25)
(67,26)
(66,27)
(65,26)
(64,25)
(63,24)
(62,23)
(61,22)
(60,21)
(59,21)
(58,20)
(59,19)
(60,18)
(60,17)
(60,16)
(59,15)
(60,14)
(60,13)
(59,12)
(58,11)
(57,10)
(56,9)
(56,8)
(56,7)
(56,6)
(57,5)
(56,4)
(56,3)
(57,2)
(56,1)
(55,0)
(54,1)
(53,0)
(52,0)
(51,1)
(52,2)
(53,3)
(53,4)
(54,5)
(54,6)
(54,7)
(54,8)
(54,9)
(54,10)
(55,11)
(56,12)
(56,13)
(57,14)
(57,15)
(57,16)
(57,17)
(57,18)
(56,19)
(56,20)
(56,21)
(57,22)
(58,23)
(59,23)
(60,24)
(61,25)
(61,26)
(62,27)
(63,27)
(64,28)
(63,29)
(63,30)
(62,31)
(62,32)
(62,33)
(62,34)
(62,35)
(62,36)
(63,37)
(64,37)
(65,38)
(65,39)
(64,40)
(64,41)
(64,42)
(63,43)
(62,44)
(61,43)
(61,42)
(62,41)
(62,40)
(62,39)
(61,38)
(60,37)
(59,36)
(60,35)
(60,34)
(60,33)
(60,32)
(60,31)
(60,30)
(61,29)
(60,28)
(59,27)
(59,26)
(58,25)
(57,25)
(56,25)
(55,24)
(54,23)
(53,22)
(54,21)
(54,20)
(54,19)
(54,18)
(55,17)
(55,16)
(54,15)
(54,14)
(54,13)
(53,12)
(52,11)
(52,10)
(52,9)
(52,8)
(52,7)
(52,6)
(51,5)
(50,4)
(50,3)
(49,2)
(49,1)
(48,0)
(47,0)
(46,1)
(47,2)
(47,3)
(48,4)
(48,5)
(48,6)
(49,7)
(50,8)
(49,9)
(49,10)
(50,11)
(50,12)
(50,13)
(51,14)
(52,15)
(52,16)
(52,17)
(51,18)
(52,19)
(52,20)
(51,21)
(51,22)
(51,23)
(52,24)
(53,25)
(54,26)
(55,27)
(56,28)
(57,29)
(58,30)
(58,31)
(58,32)
(58,33)
(57,34)
(56,34)
(55,33)
(56,32)
(56,31)
(55,30)
(54,29)
(53,28)
(52,27)
(51,26)
(50,25)
(49,24)
(48,25)
(48,26)
(49,27)
(50,28)
(51,29)
(52,30)
(53,31)
(53,32)
(53,33)
67,28
(69,30)
(69,30)
(70,29)
(71,28)
(72,29)
(73,28)
(74,27)
(75,26)
(76,25)
(77,24)
(78,23)
(79,22)
(80,21)
(81,20)
(82,20)
(83,19)
(83,18)
(84,17)
(85,16)
(86,15)
(87,14)
(87,13)
(88,12)
(89,12)
(90,12)
(91,13)
(92,12)
(92,11)
(92,10)
(92,9)
(92,8)
(93,7)
(94,8)
(95,7)
(96,6)
(97,5)
(98,4)
(99,3)
(100,3)
(101,2)
(102,1)
(103,2)
(103,3)
(104,4)
(105,4)
(106,4)
(107,3)
(108,4)
(109,3)
(110,2)
(111,1)
(112,0)
(113,1)
(114,0)
(115,0)
(116,0)
(117,0)
(118,0)
(119,0)
(120,1)
(120,2)
(120,3)
(120,4)
(121,5)
(122,4)
(123,3)
(124,2)
(125,1)
(126,0)
(127,1)
(128,0)
(129,0)
(130,0)
(131,0)
(132,1)
(133,0)
(134,0)
(135,0)
(136,0)
(137,0)
(138,0)
(139,0)
(140,0)
(141,0)
(142,0)
(143,0)
(144,0)
(145,0)
(146,0)
(147,0)
(148,1)
(149,0)
(150,0)
(151,1)
(152,0)
(153,0)
(154,0)
(155,0)
(156,0)
(157,0)
(158,1)
(158,2)
(157,3)
(156,2)
(155,3)
(155,4)
(155,5)
(155,6)
(155,7)
(155,8)
(156,9)
(157,8)
(158,9)
(158,10)
(157,11)
(157,12)
(157,13)
(158,14)
(159,15)
(158,16)
(159,17)
(159,18)
(159,19)
(159,20)
(159,21)
(159,22)
(159,23)
(158,24)
(159,25)
(159,26)
(159,27)
(159,28)
(159,29)
(158,30)
(158,31)
(158,32)
(159,33)
(159,34)
(159,35)
(159,36)
(159,37)
(159,38)
(159,39)
(159,40)
(158,41)
(159,42)
(159,43)
(159,44)
(159,45)
(159,46)
(159,47)
(159,48)
(159,49)
(159,50)
(159,51)
(159,52)
(159,53)
(159,54)
(159,55)
(159,56)
(159,57)
(159,58)
(159,59)
(159,60)
(159,61)
(159,62)
(158,63)
(157,62)
(156,61)
(156,60)
(156,59)
(156,58)
(157,57)
(157,56)
(157,55)
(157,54)
(157,53)
(157,52)
(157,51)
(157,50)
(157,49)
(157,48)
(157,47)
(157,46)
(157,45)
(157,44)
(157,43)
(156,42)
(156,41)
(156,40)
(157,39)
(157,38)
(157,37)
(157,36)
(157,35)
(156,34)
(155,33)
(156,32)
(156,31)
(155,30)
(156,29)
(157,28)
(157,27)
(156,26)
(156,25)
(156,24)
(156,23)
(157,22)
(157,21)
(157,20)
(157,19)
(157,18)
(156,17)
(156,16)
(155,15)
(155,14)
(155,13)
(154,12)
(155,11)
(154,10)
(153,9)
(153,8)
(153,7)
(153,6)
(153,5)
(152,4)
(151,5)
(151,6)
(151,7)
(151,8)
(150,9)
(151,10)
(151,11)
(151,12)
(150,13)
(151,14)
(152,15)
(152,16)
(152,17)
(153,18)
(154,19)
(155,20)
(155,21)
(154,22)
(154,23)
(153,24)
(154,25)
(153,26)
(154,27)
(153,28)
(152,28)
(151,28)
(150,27)
(149,27)
(148,28)
(148,29)
(148,30)
(147,31)
(146,30)
(146,29)
(146,28)
(146,27)
(147,26)
(147,25)
(147,24)
(147,23)
(148,22)
(149,21)
(150,20)
(151,19)
(150,18)
(150,17)
(150,16)
(149,15)
(148,14)
(147,13)
(147,12)
(148,11)
(147,10)
(148,9)
(148,8)
(149,7)
(149,6)
(149,5)
(148,4)
(147,3)
(146,2)
(145,2)
(144,2)
(143,2)
(142,2)
(141,2)
(140,2)
(139,2)
(138,2)
(137,3)
(138,4)
(139,4)
(140,5)
(141,4)
(142,4)
(143,4)
(144,4)
(145,4)
(146,5)
(145,6)
(145,7)
(146,8)
(145,9)
(145,10)
(145,11)
(145,12)
(144,13)
(145,14)
(146,15)
(147,16)
(148,17)
(148,18)
(148,19)
(147,20)
(146,21)
(145,20)
(145,19)
(146,18)
(145,17)
(144,16)
(143,15)
(142,14)
(142,13)
(142,12)
(143,11)
(143,10)
(143,9)
(143,8)
(143,7)
(142,6)
(141,7)
(141,8)
(141,9)
(141,10)
(140,11)
(139,10)
(139,9)
(139,8)
(138,7)
(137,7)
(136,6)
(136,5)
(135,4)
(134,4)
(133,3)
(132,3)
(131,3)
(130,2)
(129,2)
(128,3)
(129,4)
(130,5)
(131,6)
(132,5)
(133,6)
(134,7)
(135,8)
(135,9)
(136,10)
(137,11)
(138,12)
(138,13)
(138,14)
(138,15)
(138,16)
(139,17)
(140,16)
(141,16)
(142,17)
(142,18)
(141,19)
(142,20)
(142,21)
(143,22)
(144,22)
(145,23)
(145,24)
(145,25)
(144,26)
(144,27)
(144,28)
(144,29)
(143,30)
(142,29)
(142,28)
(142,27)
(141,26)
(140,25)
(140,24)
(140,23)
(140,22)
(139,21)
(138,20)
(138,19)
(137,18)
(136,17)
(136,16)
(135,15)
(136,14)
(135,13)
(135,12)
(134,11)
(133,11)
(132,10)
(133,9)
(132,8)
(131,8)
(130,9)
(130,10)
(129,11)
(130,12)
(131,13)
(132,14)
(132,15)
(133,16)
(134,17)
(134,18)
(135,19)
(136,20)
(136,21)
(136,22)
(137,23)
(138,24)
(138,25)
(138,26)
(138,27)
(139,28)
(140,29)
(139,30)
(140,31)
(140,32)
(141,33)
(142,32)
(143,33)
(144,32)
(145,32)
(146,33)
(147,33)
(148,33)
(149,32)
(150,33)
(151,32)
(152,31)
(153,32)
(153,33)
(153,34)
(154,35)
(154,36)
(155,37)
(155,38)
(154,39)
(154,40)
(154,41)
(154,42)
(154,43)
(154,44)
(153,45)
(154,46)
(154,47)
(155,48)
(155,49)
(154,50)
(155,51)
(155,52)
(154,53)
(153,52)
(152,51)
(152,50)
(152,49)
(152,48)
(152,47)
(151,46)
(151,45)
(151,44)
(152,43)
(152,42)
(152,41)
(151,40)
(152,39)
(152,38)
(152,37)
(151,36)
(150,35)
(149,35)
(148,35)
(147,35)
(146,35)
(145,36)
(145,37)
(146,38)
(147,37)
(148,37)
(149,38)
(149,39)
(149,40)
(149,41)
(149,42)
(149,43)
(148,44)
(147,43)
(146,42)
(147,41)
(146,40)
(145,40)
(144,39)
(143,38)
(142,38)
(141,39)
(142,40)
(142,41)
(143,42)
(144,43)
(145,44)
(146,45)
(147,46)
(147,47)
(148,48)
(147,49)
(148,50)
(149,51)
(150,52)
(151,53)
(152,54)
(153,55)
(153,56)
(153,57)
(154,58)
(153,59)
(152,59)
(151,58)
(151,57)
(151,56)
(150,55)
(149,54)
(148,53)
(147,52)
(146,51)
(145,51)
(144,50)
(145,49)
(145,48)
(145,47)
(144,46)
(143,45)
(142,44)
(141,44)
(140,43)
(140,42)
(140,41)
(139,40)
(139,39)
(139,38)
(139,37)
(139,36)
(138,35)
(139,34)
(138,33)
(138,32)
(137,31)
(137,30)
(137,29)
(136,28)
(136,27)
(136,26)
(136,25)
(135,24)
(134,23)
(134,22)
(133,21)
(133,20)
(132,19)
(132,18)
(131,17)
(130,16)
(130,15)
(129,14)
(128,13)
(127,12)
(127,11)
(127,10)
(128,9)
(128,8)
(129,7)
(128,6)
(127,6)
(126,7)
(126,8)
(125,9)
(125,10)
(125,11)
(125,12)
(124,13)
(125,14)
(125,15)
(126,16)
(127,16)
(128,17)
(128,18)
(129,19)
(130,20)
(131,21)
(131,22)
(131,23)
(130,24)
(130,25)
(131,26)
(132,25)
(133,25)
(134,26)
(134,27)
(134,28)
(134,29)
(135,30)
(135,31)
(135,32)
(135,33)
(134,34)
(135,35)
(136,36)
(137,37)
(137,38)
(137,39)
(137,40)
(137,41)
(138,42)
(138,43)
(138,44)
(139,45)
(139,46)
(139,47)
(140,48)
(141,47)
(142,48)
(142,49)
(141,50)
(142,51)
(143,52)
(144,53)
(145,53)
(146,54)
(147,55)
(148,56)
(149,57)
(149,58)
(149,59)
(150,60)
(151,61)
(152,61)
(153,61)
(154,62)
(155,63)
(156,64)
(157,65)
(158,66)
(159,67)
(159,68)
(159,69)
(159,70)
(159,71)
(159,72)
(159,73)
(159,74)
(158,75)
(157,74)
(156,75)
(156,76)
(157,77)
(157,78)
(158,79)
(159,80)
(159,81)
(159,82)
(159,83)
(158,84)
(158,85)
(159,86)
(158,87)
(159,88)
(159,89)
(159,90)
(159,91)
(158,92)
(158,93)
(159,94)
(159,95)
(159,96)
(158,97)
(157,96)
(157,95)
(156,94)
(156,93)
(156,92)
(156,91)
(155,90)
(154,89)
(155,88)
(155,87)
(155,86)
(155,85)
(155,84)
(156,83)
(157,82)
(156,81)
(156,80)
(155,79)
(154,78)
(153,79)
(153,80)
(154,81)
(154,82)
(153,83)
(152,83)
(151,84)
(152,85)
(152,86)
(151,87)
(151,88)
(151,89)
(152,90)
(153,91)
(154,92)
(154,93)
(153,94)
(154,95)
(155,96)
(155,97)
(156,98)
(156,99)
(157,100)
(158,100)
(159,101)
(158,102)
(157,102)
(156,102)
(155,102)
(154,103)
(155,104)
(156,105)
(156,106)
(157,107)
(158,108)
(159,109)
(159,110)
(159,111)
(159,112)
(159,113)
(159,114)
(159,115)
(159,116)
(158,117)
(157,116)
(157,115)
(157,114)
(157,113)
(157,112)
(157,111)
(157,110)
(156,109)
(155,108)
(154,107)
(154,106)
(153,105)
(152,104)
(152,103)
(152,102)
(153,101)
(152,100)
(153,99)
(153,98)
(153,97)
(152,96)
(151,97)
(151,98)
(150,99)
(150,100)
(150,101)
(150,102)
(149,103)
(149,104)
(149,105)
(150,106)
(151,106)
(152,107)
(152,108)
(153,109)
(154,110)
(154,111)
(154,112)
(154,113)
(155,114)
(155,115)
(155,116)
(155,117)
(154,118)
(153,117)
(153,116)
(153,115)
(152,114)
(152,113)
(152,112)
(152,111)
(151,110)
(150,109)
(149,108)
(148,107)
(147,106)
(147,105)
(147,104)
(146,103)
(145,102)
(146,101)
(147,100)
(148,99)
(148,98)
(149,97)
(149,96)
(150,95)
(151,94)
(151,93)
(151,92)
(150,91)
(149,90)
(149,89)
(148,88)
(149,87)
(148,86)
(149,85)
(149,84)
(149,83)
(149,82)
(148,81)
(148,80)
(148,79)
(149,78)
(150,77)
(151,76)
(151,75)
(151,74)
(151,73)
(151,72)
(151,71)
(151,70)
(150,69)
(151,68)
(152,67)
(153,67)
(154,66)
(153,65)
(152,64)
(151,63)
(150,63)
(149,62)
(148,61)
(147,60)
(147,59)
(147,58)
(146,57)
(145,57)
(144,56)
(143,55)
(142,54)
(141,53)
(140,52)
(139,51)
(138,50)
(137,51)
(137,52)
(138,53)
(139,54)
(138,55)
(138,56)
(139,57)
(140,56)
(141,57)
(141,58)
(141,59)
(142,60)
(143,59)
(144,60)
(145,61)
(146,62)
(147,63)
(148,64)
(147,65)
(148,66)
(148,67)
(148,68)
(148,69)
(147,70)
(146,69)
(146,68)
(146,67)
(145,66)
(145,65)
(145,64)
(144,63)
(143,62)
(142,62)
(141,62)
(140,61)
(139,60)
(138,59)
(137,59)
(136,60)
(136,61)
(136,62)
(137,63)
(138,62)
(139,63)
(140,64)
(141,64)
(142,64)
(143,65)
(143,66)
(143,67)
(144,68)
(144,69)
(144,70)
(144,71)
(145,72)
(146,72)
(147,72)
(148,73)
(147,74)
(146,74)
(145,75)
(146,76)
(145,77)
(146,78)
(146,79)
(146,80)
(146,81)
(146,82)
(147,83)
(147,84)
(146,85)
(146,86)
(145,87)
(146,88)
(146,89)
(147,90)
(147,91)
(148,92)
(148,93)
(147,94)
(147,95)
(147,96)
(146,97)
(145,96)
(145,95)
(144,94)
(143,93)
(144,92)
(145,91)
(144,90)
(144,89)
(143,88)
(143,87)
(143,86)
(144,85)
(144,84)
(143,83)
(144,82)
(143,81)
(144,80)
(144,79)
(143,78)
(143,77)
(143,76)
(143,75)
(143,74)
(143,73)
(142,72)
(141,71)
(141,70)
(141,69)
(140,68)
(140,67)
(139,66)
(138,65)
(137,65)
(136,66)
(137,67)
(138,68)
(138,69)
(139,70)
(139,71)
(139,72)
(140,73)
(140,74)
(141,75)
(140,76)
(141,77)
(141,78)
(141,79)
(140,80)
(141,81)
(140,82)
(141,83)
(140,84)
(139,84)
(138,84)
(137,83)
(138,82)
(138,81)
(138,80)
(138,79)
(139,78)
(138,77)
(137,76)
(137,75)
(138,74)
(137,73)
(137,72)
(137,71)
(136,70)
(136,69)
(135,68)
(134,67)
(134,66)
(133,65)
(134,64)
(134,63)
(134,62)
(134,61)
(134,60)
(134,59)
(135,58)
(135,57)
(136,56)
(136,55)
(135,54)
(135,53)
(135,52)
(134,51)
(133,50)
(133,49)
(133,48)
(133,47)
(133,46)
(133,45)
(133,44)
(134,43)
(135,42)
(134,41)
(135,40)
(135,39)
(135,38)
(134,37)
(133,36)
(132,35)
(131,34)
(131,33)
(132,32)
(133,31)
(132,30)
(131,29)
(130,28)
(129,27)
(128,26)
(128,25)
(128,24)
(128,23)
(129,22)
(128,21)
(127,21)
(126,22)
(126,23)
(126,24)
(126,25)
(126,26)
(125,27)
(126,28)
(127,28)
(128,29)
(129,30)
(130,31)
(129,32)
(129,33)
(128,34)
(127,33)
(126,32)
(125,32)
(124,32)
(123,31)
(124,30)
(123,29)
(122,29)
(121,28)
(121,27)
(122,26)
(123,25)
(124,24)
(124,23)
(123,22)
(124,21)
(124,20)
(125,19)
(125,18)
(124,17)
(123,16)
(122,15)
(121,16)
(121,17)
(122,18)
(122,19)
(122,20)
(121,21)
(121,22)
(121,23)
(121,24)
(120,25)
(119,24)
(119,23)
(119,22)
(118,21)
(119,20)
(118,19)
(118,18)
(118,17)
(118,16)
(119,15)
(120,14)
(120,13)
(121,12)
(122,11)
(123,10)
(123,9)
(123,8)
(122,7)
(121,7)
(120,7)
(119,6)
(118,5)
(117,4)
(116,3)
(115,2)
(114,3)
(114,4)
(115,5)
(116,6)
(117,7)
(117,8)
(118,9)
(119,9)
(120,10)
(119,11)
(118,11)
(117,11)
(116,12)
(115,11)
(115,10)
(114,9)
(114,8)
(114,7)
(113,6)
(112,5)
(111,4)
(110,5)
(110,6)
(111,7)
(112,8)
(112,9)
(112,10)
(113,11)
(112,12)
(113,13)
(114,13)
(115,14)
(115,15)
(116,16)
(116,17)
(115,18)
(116,19)
(116,20)
(116,21)
(116,22)
(117,23)
(117,24)
(116,25)
(117,26)
(118,26)
(119,27)
(119,28)
(119,29)
(119,30)
(120,31)
(121,32)
(122,33)
(123,34)
(124,35)
(123,36)
(124,37)
(125,38)
(126,39)
(127,38)
(128,37)
(129,38)
(129,39)
(130,40)
(131,39)
(132,40)
(132,41)
(132,42)
(131,43)
(131,44)
(131,45)
(131,46)
(131,47)
(131,48)
(131,49)
(131,50)
(131,51)
(132,52)
(133,53)
(133,54)
(133,55)
(132,56)
(131,55)
(130,54)
(129,54)
(128,54)
(127,53)
(127,52)
(128,51)
(129,50)
(129,49)
(129,48)
(129,47)
(129,46)
(129,45)
(129,44)
(129,43)
(128,42)
(127,41)
(126,42)
(126,43)
(127,44)
(127,45)
(126,46)
(126,47)
(125,48)
(126,49)
(126,50)
(125,51)
(125,52)
(125,53)
(125,54)
(125,55)
(124,56)
(125,57)
(126,58)
(127,59)
(128,58)
(129,59)
(130,60)
(131,61)
(132,62)
(132,63)
(131,64)
(131,65)
(131,66)
(132,67)
(132,68)
(133,69)
(134,70)
(134,71)
(135,72)
(135,73)
(135,74)
(134,75)
(134,76)
(134,77)
(134,78)
(135,79)
(136,80)
(135,81)
(134,81)
(133,80)
(132,79)
(132,78)
(132,77)
(132,76)
(131,75)
(131,74)
(132,73)
(132,72)
(132,71)
(131,70)
(130,69)
(130,68)
(129,67)
(129,66)
(129,65)
(129,64)
(129,63)
(128,62)
(127,61)
(126,61)
(125,61)
(124,60)
(124,59)
(123,58)
(122,57)
(122,56)
(122,55)
(123,54)
(123,53)
(123,52)
(123,51)
(123,50)
(123,49)
(123,48)
(123,47)
(124,46)
(124,45)
(124,44)
(124,43)
(124,42)
(124,41)
(123,40)
(122,39)
(122,38)
(121,37)
(121,36)
(121,35)
(120,34)
(119,33)
(118,32)
(117,32)
(116,32)
(115,31)
(116,30)
(117,29)
(116,28)
(115,27)
(114,28)
(113,27)
(113,26)
(112,25)
(113,24)
(113,23)
(112,22)
(111,21)
(112,20)
(113,19)
(113,18)
(113,17)
(113,16)
(112,15)
(111,14)
(110,13)
(110,12)
(110,11)
(109,10)
(108,9)
(109,8)
(108,7)
(107,6)
(106,6)
(105,6)
(104,6)
(103,6)
(102,5)
(101,5)
(100,5)
(99,6)
(98,7)
(99,8)
(100,8)
(101,9)
(102,10)
(103,9)
(104,8)
(105,9)
(105,10)
(104,11)
(104,12)
(104,13)
(105,14)
(106,13)
(107,12)
(108,13)
(108,14)
(109,15)
(110,16)
(111,17)
(111,18)
(110,19)
(109,18)
(108,17)
(107,16)
(106,16)
(105,16)
(104,16)
(103,15)
(102,15)
(101,14)
(102,13)
(101,12)
(100,11)
(99,10)
(98,10)
(97,9)
(96,10)
(96,11)
(97,12)
(98,13)
(99,14)
(99,15)
(100,16)
(101,17)
(102,17)
(103,18)
(103,19)
(104,20)
(105,21)
(106,22)
(107,21)
(108,22)
(109,23)
(110,24)
(110,25)
(109,26)
(110,27)
(111,28)
(111,29)
(112,30)
(112,31)
(113,32)
(113,33)
(114,34)
(115,34)
(116,34)
(117,35)
(118,35)
(119,36)
(118,37)
(119,38)
(120,39)
(120,40)
(121,41)
(122,42)
(122,43)
(122,44)
(122,45)
(121,46)
(120,46)
(119,45)
(120,44)
(120,43)
(119,42)
(118,41)
(118,40)
(117,39)
(116,38)
(116,37)
(115,36)
(114,36)
(113,36)
(112,36)
(111,37)
(112,38)
(113,39)
(114,40)
(115,40)
(116,41)
(116,42)
(116,43)
(115,44)
(116,45)
(117,46)
(118,47)
(119,48)
(119,49)
(119,50)
(120,51)
(120,52)
(119,53)
(118,52)
(117,51)
(116,52)
(116,53)
(117,54)
(118,55)
(119,56)
(120,57)
(120,58)
(121,59)
(121,60)
(121,61)
(121,62)
(122,63)
(123,63)
(124,63)
(125,64)
(126,65)
(127,66)
(127,67)
(127,68)
(128,69)
(128,70)
(129,71)
(130,72)
(129,73)
(129,74)
(128,75)
(128,76)
(128,77)
(128,78)
(129,79)
(128,80)
(129,81)
(130,81)
(131,81)
(132,82)
(133,83)
(134,84)
(135,84)
(136,85)
(137,86)
(137,87)
(138,88)
(138,89)
(138,90)
(138,91)
(138,92)
(138,93)
(137,94)
(137,95)
(137,96)
(138,97)
(139,96)
(140,96)
(141,95)
(142,95)
(143,96)
(143,97)
(144,98)
(144,99)
(144,100)
(143,101)
(143,102)
(142,103)
(141,102)
(140,101)
(139,102)
(139,103)
(138,104)
(139,105)
(140,106)
(139,107)
(140,108)
(141,108)
(142,108)
(143,107)
(144,107)
(145,107)
(146,108)
(147,109)
(148,110)
(149,111)
(150,112)
(150,113)
(150,114)
(150,115)
(151,116)
(151,117)
(151,118)
(150,119)
(149,118)
(149,117)
(148,116)
(148,115)
(148,114)
(148,113)
(147,112)
(146,111)
(145,111)
(144,110)
(143,110)
(142,110)
(141,110)
(140,110)
(139,111)
(140,112)
(141,113)
(142,112)
(143,112)
(144,113)
(145,113)
(146,114)
(146,115)
(146,116)
(145,117)
(144,116)
(143,115)
(142,115)
(141,116)
(142,117)
(143,118)
(142,119)
(141,119)
(140,118)
(139,117)
(139,116)
(139,115)
(139,114)
(138,113)
(137,112)
(137,111)
(137,110)
(138,109)
(137,108)
(137,107)
(137,106)
(136,105)
(136,104)
(135,103)
(136,102)
(137,101)
(136,100)
(136,99)
(136,98)
(135,97)
(135,96)
(134,95)
(135,94)
(135,93)
(135,92)
(135,91)
(136,90)
(136,89)
(135,88)
(135,87)
(134,86)
(133,86)
(132,85)
(131,84)
(130,84)
(129,84)
(128,83)
(127,82)
(126,81)
(126,80)
(126,79)
(126,78)
(126,77)
(126,76)
(126,75)
(126,74)
(126,73)
(125,72)
(125,71)
(125,70)
(124,69)
(123,68)
(123,67)
(123,66)
(122,65)
(121,66)
(121,67)
(121,68)
(121,69)
(122,70)
(123,71)
(123,72)
(123,73)
(124,74)
(124,75)
(124,76)
(124,77)
(124,78)
(124,79)
(124,80)
(124,81)
(124,82)
(125,83)
(126,84)
(127,85)
(127,86)
(128,87)
(129,86)
(130,86)
(131,87)
(131,88)
(132,89)
(133,90)
(132,91)
(133,92)
(133,93)
(132,94)
(132,95)
(131,96)
(132,97)
(133,98)
(134,99)
(133,100)
(132,101)
(133,102)
(133,103)
(133,104)
(134,105)
(134,106)
(134,107)
(135,108)
(135,109)
(135,110)
(135,111)
(135,112)
(135,113)
(136,114)
(136,115)
(137,116)
(137,117)
(137,118)
(136,119)
(135,118)
(135,117)
(134,116)
(134,115)
(133,114)
(133,113)
(133,112)
(133,111)
(133,110)
(132,109)
(132,108)
(132,107)
(132,106)
(131,105)
(131,104)
(131,103)
(130,102)
(129,101)
(130,100)
(131,99)
(130,98)
(129,97)
(128,96)
(129,95)
(130,94)
(130,93)
(130,92)
(130,91)
(129,90)
(128,89)
(127,89)
(126,89)
(125,88)
(125,87)
(125,86)
(124,85)
(123,84)
(122,84)
(121,84)
(120,83)
(121,82)
(122,81)
(122,80)
(122,79)
(121,78)
(120,77)
(119,77)
(118,76)
(119,75)
(118,74)
(119,73)
(120,72)
(120,71)
(119,70)
(119,69)
(118,68)
(118,67)
(118,66)
(118,65)
(118,64)
(119,63)
(119,62)
(119,61)
(119,60)
(118,59)
(118,58)
(117,57)
(116,56)
(115,55)
(114,54)
(113,53)
(114,52)
(113,51)
(114,50)
(115,49)
(115,48)
(115,47)
(114,46)
(113,45)
(113,44)
(113,43)
(113,42)
(112,41)
(111,40)
(110,39)
(109,38)
(109,37)
(109,36)
(109,35)
(109,34)
(109,33)
(109,32)
(110,31)
(109,30)
(108,29)
(107,30)
(107,31)
(106,32)
(107,33)
(107,34)
(107,35)
(106,36)
(107,37)
(107,38)
(107,39)
(106,40)
(106,41)
(107,42)
(107,43)
(107,44)
(107,45)
(108,46)
(109,46)
(110,46)
(111,47)
(112,47)
(113,48)
(112,49)
(111,49)
(110,49)
(109,48)
(108,48)
(107,48)
(106,47)
(105,46)
(105,45)
(105,44)
(104,43)
(104,42)
(104,41)
(103,40)
(103,39)
(104,38)
(104,37)
(104,36)
(104,35)
(105,34)
(104,33)
(104,32)
(104,31)
(105,30)
(105,29)
(104,28)
(103,27)
(104,26)
(105,25)
(104,24)
(103,23)
(102,22)
(101,23)
(100,22)
(100,21)
(101,20)
(100,19)
(99,18)
(98,17)
(97,16)
(97,15)
(96,14)
(95,13)
(94,13)
(93,14)
(94,15)
(95,16)
(95,17)
(96,18)
(96,19)
(97,20)
(98,21)
(97,22)
(97,23)
(98,24)
(99,25)
(99,26)
(99,27)
(100,28)
(101,28)
(102,29)
(102,30)
(102,31)
(101,32)
(102,33)
(101,34)
(100,34)
(99,33)
(99,32)
(99,31)
(99,30)
(98,29)
(97,30)
(97,31)
(97,32)
(97,33)
(97,34)
(97,35)
(96,36)
(97,37)
(98,38)
(99,37)
(100,37)
(101,38)
(100,39)
(101,40)
(101,41)
(102,42)
(102,43)
(102,44)
(103,45)
(102,46)
(102,47)
(102,48)
(103,49)
(104,50)
(103,51)
(104,52)
(105,52)
(106,52)
(107,53)
(108,53)
(109,53)
(110,53)
(111,54)
(111,55)
(112,56)
(113,56)
(114,57)
(114,58)
(115,59)
(115,60)
(114,61)
(114,62)
(114,63)
(115,64)
(116,65)
(116,66)
(116,67)
(115,68)
(114,68)
(113,67)
(113,66)
(112,65)
(112,64)
(112,63)
(112,62)
(112,61)
(112,60)
(112,59)
(111,58)
(110,57)
(109,57)
(108,57)
(107,57)
(106,56)
(106,55)
(105,54)
(104,54)
(103,54)
(102,53)
(101,54)
(101,55)
(102,56)
(103,57)
(104,58)
(104,59)
(104,60)
(105,61)
(105,62)
(105,63)
(105,64)
(105,65)
(105,66)
(105,67)
(105,68)
(104,69)
(103,68)
(102,67)
(102,66)
(103,65)
(103,64)
(103,63)
(103,62)
(102,61)
(102,60)
(102,59)
(101,58)
(100,57)
(99,58)
(99,59)
(100,60)
(100,61)
(100,62)
(101,63)
(100,64)
(100,65)
(99,66)
(100,67)
(100,68)
(100,69)
(99,70)
(100,71)
(101,72)
(100,73)
(101,74)
(101,75)
(100,76)
(101,77)
(101,78)
(101,79)
(100,80)
(99,79)
(99,78)
(98,77)
(97,76)
(97,75)
(98,74)
(98,73)
(98,72)
(97,71)
(97,70)
(97,69)
(98,68)
(97,67)
(97,66)
(97,65)
(97,64)
(98,63)
(98,62)
(97,61)
(96,60)
(97,59)
(97,58)
(97,57)
(96,56)
(95,57)
(94,56)
(93,55)
(92,56)
(92,57)
(93,58)
(93,59)
(93,60)
(93,61)
(93,62)
(94,63)
(94,64)
(95,65)
(95,66)
(94,67)
(93,66)
(92,66)
(91,65)
(92,64)
(91,63)
(91,62)
(91,61)
(91,60)
(90,59)
(90,58)
(90,57)
(90,56)
(90,55)
(91,54)
(91,53)
(90,52)
(90,51)
(90,50)
(91,49)
(91,48)
(92,47)
(93,47)
(94,46)
(95,46)
(96,45)
(97,44)
(98,43)
(99,42)
(99,41)
(98,40)
(97,40)
(96,39)
(95,38)
(94,37)
(93,36)
(92,35)
(93,34)
(94,33)
(95,32)
(94,31)
(94,30)
(94,29)
(94,28)
(95,27)
(96,26)
(95,25)
(94,24)
(93,23)
(94,22)
(95,21)
(94,20)
(93,19)
(92,18)
(93,17)
(92,16)
(91,15)
(90,16)
(90,17)
(90,18)
(90,19)
(91,20)
(92,21)
(91,22)
(91,23)
(91,24)
(92,25)
(93,26)
(92,27)
(92,28)
(92,29)
(92,30)
(92,31)
(92,32)
(91,33)
(90,32)
(90,31)
(90,30)
(90,29)
(90,28)
(90,27)
(90,26)
(89,25)
(89,24)
(89,23)
(89,22)
(88,21)
(88,20)
(87,19)
(86,18)
(85,19)
(85,20)
(86,21)
(86,22)
(87,23)
(87,24)
(87,25)
(87,26)
(86,27)
(85,27)
(84,26)
(85,25)
(84,24)
(84,23)
(83,22)
(82,22)
(81,23)
(82,24)
(82,25)
(82,26)
(82,27)
(82,28)
(83,29)
(84,30)
(83,31)
(83,32)
(84,33)
(85,32)
(86,31)
(87,31)
(88,32)
(88,33)
(88,34)
(89,35)
(90,36)
(91,37)
(92,38)
(93,39)
(94,40)
(95,41)
(96,42)
(95,43)
(94,43)
(93,42)
(92,41)
(91,40)
(90,39)
(89,38)
(88,37)
(87,36)
(86,35)
(85,35)
(84,35)
(83,36)
(84,37)
(85,37)
(86,38)
(87,39)
(87,40)
(88,41)
(89,42)
(90,42)
(91,43)
(92,44)
(91,45)
(90,45)
(89,44)
(88,44)
(87,44)
(86,44)
(85,43)
(84,42)
(84,41)
(85,40)
(84,39)
(83,39)
(82,38)
(81,37)
(81,36)
(81,35)
(82,34)
(81,33)
(81,32)
(80,31)
(81,30)
(80,29)
(79,28)
(80,27)
(80,26)
(79,25)
(78,26)
(77,27)
(77,28)
(77,29)
(77,30)
(78,31)
(78,32)
(79,33)
(79,34)
(78,35)
(79,36)
(79,37)
(79,38)
(80,39)
(81,40)
(82,41)
(81,42)
(80,42)
(79,42)
(78,41)
(78,40)
(77,39)
(77,38)
(77,37)
(76,36)
(76,35)
(76,34)
(76,33)
(76,32)
(75,31)
(74,30)
(73,31)
(73,32)
(73,33)
(74,34)
(74,35)
(74,36)
(74,37)
(75,38)
(75,39)
(75,40)
(76,41)
(76,42)
(77,43)
(77,44)
(78,45)
(79,46)
(80,47)
(81,47)
(82,46)
(83,46)
(84,45)
(85,46)
(86,46)
(87,46)
(88,46)
(89,47)
(89,48)
(88,49)
(88,50)
(88,51)
(88,52)
(88,53)
(88,54)
(88,55)
(88,56)
(88,57)
(88,58)
(88,59)
(88,60)
(87,61)
(86,60)
(85,60)
(84,60)
(83,60)
(82,59)
(81,58)
(82,57)
(82,56)
(82,55)
(82,54)
(82,53)
(83,52)
(82,51)
(81,50)
(80,49)
(79,50)
(79,51)
(80,52)
(79,53)
(79,54)
(79,55)
(78,56)
(77,55)
(77,54)
(77,53)
(77,52)
(77,51)
(77,50)
(77,49)
(76,48)
(75,49)
(74,49)
(73,49)
(72,48)
(71,49)
(71,50)
(72,51)
(73,52)
(73,53)
(74,54)
(73,55)
(73,56)
(73,57)
(73,58)
(74,59)
(75,60)
(74,61)
(73,61)
(72,60)
(71,59)
(71,58)
(71,57)
(71,56)
(70,55)
(69,56)
(69,57)
(69,58)
(69,59)
(69,60)
(70,61)
(70,62)
(69,63)
(68,62)
(67,62)
(66,63)
(67,64)
(67,65)
(66,66)
(66,67)
(65,68)
(64,67)
(63,68)
(63,69)
(64,70)
(64,71)
(65,72)
(66,73)
(67,73)
(68,73)
(69,74)
(69,75)
(69,76)
(69,77)
(68,78)
(68,79)
(67,80)
(67,81)
(68,82)
(68,83)
(68,84)
(68,85)
(69,86)
(70,85)
(71,86)
(72,86)
(73,85)
(74,86)
(75,87)
(76,86)
(77,85)
(78,85)
(79,84)
(80,83)
(81,83)
(82,82)
(83,81)
(84,80)
(85,81)
(85,82)
(86,83)
(87,84)
(88,85)
(89,86)
(90,87)
(91,86)
(92,85)
(93,84)
(94,83)
(95,82)
(96,83)
(97,84)
(98,85)
(98,86)
(99,87)
(100,86)
(101,85)
(102,86)
(103,86)
(104,86)
(105,87)
(106,88)
(107,88)
(108,87)
(109,86)
(110,86)
(111,86)
(112,86)
(113,86)
(114,86)
(115,86)
(116,86)
(117,86)
(118,86)
(119,85)
(120,86)
(121,86)
(122,86)
(123,87)
(123,88)
(123,89)
(124,90)
(124,91)
(125,92)
(126,93)
(126,94)
(126,95)
(126,96)
(126,97)
(127,98)
(128,99)
(127,100)
(127,101)
(127,102)
(128,103)
(129,104)
(129,105)
(129,106)
(130,107)
(130,108)
(130,109)
(130,110)
(131,111)
(131,112)
(131,113)
(131,114)
(131,115)
(132,116)
(132,117)
(133,118)
(132,119)
(131,119)
(130,118)
(130,117)
(129,116)
(128,116)
(127,115)
(128,114)
(128,113)
(128,112)
(128,111)
(128,110)
(128,109)
(127,108)
(127,107)
(127,106)
(126,105)
(126,104)
(125,103)
(125,102)
(124,101)
(123,100)
(124,99)
(124,98)
(124,97)
(124,96)
(124,95)
(124,94)
(123,93)
(122,92)
(122,91)
(121,90)
(120,90)
(119,89)
(118,88)
(117,88)
(116,88)
(115,88)
(114,88)
(113,88)
(112,88)
(111,88)
(110,89)
(111,90)
(112,90)
(113,91)
(114,92)
(115,91)
(116,90)
(117,90)
(118,91)
(119,92)
(120,93)
(121,94)
(122,95)
(122,96)
(121,97)
(121,98)
(121,99)
(121,100)
(121,101)
(122,102)
(123,103)
(123,104)
(124,105)
(124,106)
(124,107)
(125,108)
(125,109)
(126,110)
(126,111)
(126,112)
(126,113)
(125,114)
(125,115)
(125,116)
(126,117)
(127,118)
(126,119)
(125,119)
(124,118)
(123,117)
(123,116)
(123,115)
(123,114)
(123,113)
(124,112)
(123,111)
(123,110)
(123,109)
(122,108)
(122,107)
(121,106)
(120,105)
(121,104)
(120,103)
(119,102)
(118,103)
(117,102)
(116,101)
(116,100)
(116,99)
(117,98)
(118,97)
(119,96)
(119,95)
(118,94)
(117,93)
(116,93)
(115,94)
(115,95)
(116,96)
(115,97)
(114,98)
(114,99)
(114,100)
(114,101)
(114,102)
(115,103)
(116,104)
(116,105)
(117,106)
(118,106)
(119,107)
(120,108)
(120,109)
(121,110)
(121,111)
(121,112)
(121,113)
(121,114)
(121,115)
(121,116)
(121,117)
(121,118)
(120,119)
(119,118)
(119,117)
(119,116)
(118,115)
(119,114)
(119,113)
(119,112)
(119,111)
(118,110)
(118,109)
(117,108)
(116,108)
(115,107)
(114,106)
(114,105)
(113,104)
(112,104)
(111,103)
(112,102)
(112,101)
(112,100)
(112,99)
(112,98)
(112,97)
(113,96)
(113,95)
(113,94)
(112,93)
(111,92)
(110,92)
(109,93)
(110,94)
(111,95)
(110,96)
(110,97)
(110,98)
(110,99)
(110,100)
(109,101)
(108,100)
(108,99)
(108,98)
(107,97)
(108,96)
(108,95)
(107,94)
(107,93)
(107,92)
(108,91)
(107,90)
(106,90)
(105,90)
(104,89)
(103,88)
(102,88)
(101,88)
(100,89)
(101,90)
(102,90)
(103,91)
(103,92)
(102,93)
(102,94)
(101,95)
(102,96)
(103,96)
(104,96)
(105,97)
(105,98)
(106,99)
(106,100)
(106,101)
(106,102)
(107,103)
(108,103)
(109,104)
(110,105)
(111,106)
(112,107)
(111,108)
(111,109)
(112,110)
(113,109)
(114,109)
(115,110)
(116,111)
(117,112)
(117,113)
(116,114)
(116,115)
(116,116)
(117,117)
(117,118)
(116,119)
(115,118)
(114,117)
(114,116)
(114,115)
(114,114)
(113,113)
(112,112)
(111,112)
(110,113)
(111,114)
(111,115)
(111,116)
(111,117)
(110,118)
(109,117)
(109,116)
(109,115)
(108,114)
(107,113)
(107,112)
(106,111)
(105,110)
(105,109)
(105,108)
(104,107)
(104,106)
(104,105)
(105,104)
(104,103)
(104,102)
(104,101)
(104,100)
(103,99)
(102,98)
(101,98)
(100,97)
(99,97)
(98,96)
(99,95)
(99,94)
(99,93)
(100,92)
(99,91)
(98,90)
(97,89)
(96,88)
(96,87)
(96,86)
(95,85)
(94,86)
(94,87)
(94,88)
(94,89)
(95,90)
(96,91)
(97,92)
(97,93)
(97,94)
(96,95)
(96,96)
(95,97)
(95,98)
(95,99)
(96,100)
(97,99)
(98,100)
(99,99)
(100,100)
(101,100)
(102,101)
(102,102)
(101,103)
(101,104)
(101,105)
(102,106)
(101,107)
(102,108)
(102,109)
(103,110)
(103,111)
(104,112)
(105,113)
(105,114)
(106,115)
(106,116)
(106,117)
(105,118)
(104,118)
(103,117)
(104,116)
(103,115)
(103,114)
(102,113)
(101,112)
(101,111)
(100,110)
(100,109)
(99,108)
(98,107)
(99,106)
(99,105)
(99,104)
(99,103)
(98,102)
(97,102)
(96,102)
(95,102)
(94,101)
(93,100)
(93,99)
(93,98)
(93,97)
(93,96)
(93,95)
(93,94)
(93,93)
(93,92)
(93,91)
(92,90)
(91,89)
(90,90)
(90,91)
(91,92)
(91,93)
(91,94)
(91,95)
(91,96)
(91,97)
(90,98)
(91,99)
(90,100)
(90,101)
(90,102)
(91,103)
(92,102)
(93,103)
(94,104)
(95,104)
(96,105)
(96,106)
(96,107)
(96,108)
(97,109)
(96,110)
(96,111)
(96,112)
(97,113)
(97,114)
(98,115)
(99,116)
(100,117)
(99,118)
(98,119)
(97,119)
(96,118)
(97,117)
(96,116)
(95,116)
(94,117)
(94,118)
(93,119)
(92,118)
(91,117)
(92,116)
(93,115)
(94,114)
(94,113)
(94,112)
(94,111)
(94,110)
(94,109)
(94,108)
(94,107)
(93,106)
(92,105)
(91,105)
(90,105)
(89,104)
(88,103)
(88,102)
(88,101)
(88,100)
(87,99)
(88,98)
(88,97)
(89,96)
(89,95)
(89,94)
(89,93)
(88,92)
(88,91)
(88,90)
(88,89)
(88,88)
(87,87)
(86,86)
(85,85)
(84,84)
(83,84)
(82,85)
(81,85)
(80,86)
(80,87)
(80,88)
(80,89)
(80,90)
(81,91)
(82,91)
(83,90)
(84,91)
(84,92)
(84,93)
(84,94)
(84,95)
(85,96)
(86,97)
(85,98)
(85,99)
(84,100)
(84,101)
(85,102)
(86,103)
(86,104)
(87,105)
(88,106)
(89,107)
(90,107)
(91,107)
(92,108)
(92,109)
(92,110)
(92,111)
(91,112)
(91,113)
(91,114)
(90,115)
(89,114)
(89,113)
(89,112)
(89,111)
(90,110)
(89,109)
(88,109)
(87,109)
(86,110)
(87,111)
(86,112)
(87,113)
(87,114)
(87,115)
(87,116)
(86,117)
(85,118)
(84,117)
(83,116)
(84,115)
(85,114)
(84,113)
(83,112)
(83,111)
(83,110)
(83,109)
(83,108)
(83,107)
(84,106)
(83,105)
(84,104)
(83,103)
(82,103)
(81,102)
(81,101)
(81,100)
(82,99)
(83,98)
(82,97)
(82,96)
(82,95)
(82,94)
(81,93)
(80,93)
(79,92)
(78,91)
(78,90)
(78,89)
(77,88)
(76,89)
(76,90)
(76,91)
(76,92)
(76,93)
(77,94)
(77,95)
(78,96)
(79,95)
(80,96)
(80,97)
(80,98)
(79,99)
(79,100)
(79,101)
(79,102)
(79,103)
(78,104)
(78,105)
(78,106)
(79,107)
(80,108)
(81,109)
(81,110)
(81,111)
(81,112)
(81,113)
(82,114)
(81,115)
(81,116)
(81,117)
(81,118)
(80,119)
(79,118)
(79,117)
(79,116)
(79,115)
(78,114)
(77,113)
(77,112)
(76,111)
(76,110)
(75,109)
(74,108)
(75,107)
(76,106)
(76,105)
(76,104)
(76,103)
(77,102)
(77,101)
(77,100)
(77,99)
(77,98)
(76,97)
(75,96)
(75,95)
(74,94)
(74,93)
(74,92)
(74,91)
(73,90)
(72,91)
(71,90)
(71,89)
(70,88)
(69,88)
(68,88)
(67,87)
(66,87)
(65,87)
(64,86)
(64,85)
(64,84)
(63,83)
(62,83)
(61,83)
(60,84)
(59,83)
(58,83)
(57,83)
(56,83)
(55,83)
(54,83)
(53,83)
(52,83)
(51,84)
(51,85)
(52,86)
(53,86)
(54,87)
(54,88)
(55,89)
(56,88)
(57,87)
(58,86)
(59,86)
(60,86)
(61,86)
(62,87)
(63,88)
(63,89)
(63,90)
(64,91)
(65,91)
(66,90)
(67,90)
(68,90)
(69,91)
(70,92)
(71,93)
(72,94)
(72,95)
(73,96)
(73,97)
(74,98)
(75,99)
(74,100)
(73,100)
(72,99)
(71,98)
(71,97)
(70,96)
(69,95)
(68,94)
(68,93)
(67,92)
(66,93)
(65,93)
(64,93)
(63,93)
(62,92)
(61,91)
(60,90)
(59,89)
(58,90)
(58,91)
(59,92)
(59,93)
(60,94)
(61,94)
(62,95)
(63,95)
(64,95)
(65,95)
(66,96)
(67,97)
(68,97)
(69,98)
(69,99)
(70,100)
(71,101)
(72,102)
(73,102)
(74,103)
(73,104)
(73,105)
(73,106)
(72,107)
(71,106)
(70,105)
(71,104)
(70,103)
(69,102)
(68,101)
(67,100)
(66,99)
(65,100)
(65,101)
(66,102)
(67,103)
(68,104)
(68,105)
(68,106)
(69,107)
(70,108)
(71,109)
(72,109)
(73,110)
(74,111)
(74,112)
(75,113)
(75,114)
(76,115)
(76,116)
(76,117)
(76,118)
(75,119)
(74,118)
(74,117)
(73,116)
(72,115)
(73,114)
(72,113)
(72,112)
(71,111)
(70,111)
(69,110)
(68,109)
(67,108)
(66,107)
(66,106)
(66,105)
(65,104)
(64,103)
(63,102)
(62,101)
(62,100)
(62,99)
(62,98)
(61,97)
(60,96)
(59,96)
(58,95)
(57,95)
(56,94)
(55,94)
(54,95)
(55,96)
(56,97)
(57,98)
(58,99)
(59,98)
(60,99)
(60,100)
(60,101)
(60,102)
(61,103)
(62,104)
(61,105)
(61,106)
(61,107)
(62,108)
(63,107)
(64,108)
(65,109)
(65,110)
(66,111)
(67,112)
(68,112)
(69,113)
(70,114)
(69,115)
(70,116)
(70,117)
(70,118)
(69,119)
(68,118)
(68,117)
(67,116)
(66,115)
(65,114)
(65,113)
(64,112)
(63,113)
(63,114)
(63,115)
(64,116)
(65,117)
(66,118)
(65,119)
(64,119)
(63,118)
(62,117)
(61,116)
(61,115)
(61,114)
(60,113)
(61,112)
(62,111)
(61,110)
(60,109)
(59,108)
(59,107)
(59,106)
(58,105)
(59,104)
(58,103)
(58,102)
(57,101)
(56,101)
(55,100)
(55,99)
(54,98)
(53,99)
(53,100)
(53,101)
(54,102)
(55,103)
(56,104)
(55,105)
(54,105)
(53,104)
(52,103)
(51,104)
(51,105)
(52,106)
(53,107)
(54,107)
(55,107)
(56,108)
(57,109)
(58,110)
(58,111)
(57,112)
(56,113)
(55,112)
(55,111)
(55,110)
(54,109)
(53,109)
(52,110)
(53,111)
(52,112)
(52,113)
(52,114)
(53,115)
(54,114)
(55,115)
(56,115)
(57,115)
(58,115)
(59,116)
(58,117)
(58,118)
(57,119)
(56,118)
(55,117)
(54,117)
(53,117)
(52,118)
(51,117)
(51,116)
(50,115)
(50,114)
(50,113)
(50,112)
(50,111)
(50,110)
(50,109)
(49,108)
(50,107)
(49,106)
(48,105)
(49,104)
(49,103)
(50,102)
(49,101)
(48,100)
(49,99)
(50,98)
(51,97)
(50,96)
(51,95)
(52,94)
(53,93)
(53,92)
(53,91)
(53,90)
(52,89)
(51,88)
(50,87)
(49,86)
(49,85)
(48,84)
(47,83)
(46,83)
(45,84)
(45,85)
(46,86)
(47,87)
(48,88)
(49,89)
(49,90)
(50,91)
(50,92)
(49,93)
(49,94)
(48,95)
(48,96)
(48,97)
(47,98)
(46,97)
(46,96)
(46,95)
(45,94)
(45,93)
(46,92)
(47,91)
(46,90)
(46,89)
(45,88)
(44,87)
(43,86)
(43,85)
(43,84)
(43,83)
(44,82)
(43,81)
(43,80)
(43,79)
(44,78)
(43,77)
(43,76)
(43,75)
(44,74)
(45,73)
(45,72)
(44,71)
(44,70)
(45,69)
(46,68)
(46,67)
(46,66)
(45,65)
(45,64)
(45,63)
(45,62)
(45,61)
(45,60)
(45,59)
(45,58)
(45,57)
(44,56)
(43,55)
(44,54)
(45,53)
(44,52)
(44,51)
(44,50)
(44,49)
(44,48)
(43,47)
(43,46)
(44,45)
(43,44)
(43,43)
(43,42)
(43,41)
(44,40)
(44,39)
(43,38)
(42,37)
(43,36)
(44,35)
(45,34)
(46,34)
(47,33)
(48,32)
(49,31)
(50,30)
(51,29)
(52,28)
(53,28)
(54,27)
(55,26)
(56,25)
(57,25)
(58,25)
(59,26)
(60,25)
(61,24)
(62,23)
(63,23)
(64,22)
(65,22)
(66,21)
(67,21)
(68,20)
(69,19)
(70,18)
(71,17)
(72,16)
(73,15)
(74,15)
(75,15)
(76,14)
(77,13)
(78,12)
(79,11)
(80,11)
(81,10)
(82,10)
(83,9)
(84,8)
(85,7)
(86,8)
(87,8)
(88,7)
(89,8)
(89,9)
(88,10)
(87,10)
(86,10)
(85,10)
(84,11)
(83,12)
(83,13)
(83,14)
(83,15)
(82,16)
(81,17)
(80,16)
(79,17)
(79,18)
(78,19)
(77,18)
(76,17)
(75,18)
(75,19)
(75,20)
(76,21)
(76,22)
(75,23)
(74,22)
(73,21)
(73,20)
(72,19)
(71,20)
(71,21)
(71,22)
(72,23)
(73,24)
(73,25)
(72,26)
(71,25)
(70,24)
(69,23)
(68,23)
(67,23)
(66,24)
(67,25)
(68,25)
(69,26)
(69,27)
(68,28)
33,8
(26,3)
(26,3)
(27,2)
(28,1)
(29,2)
(30,2)
(31,1)
(32,0)
(33,0)
(34,0)
(35,0)
(36,0)
(37,0)
(38,0)
(39,0)
(40,0)
(41,0)
(42,0)
(43,0)
(44,0)
(45,1)
(46,2)
(46,3)
(47,4)
(48,5)
(49,4)
(50,3)
(51,2)
(52,1)
(53,0)
(54,0)
(55,0)
(56,0)
(57,0)
(58,0)
(59,1)
(60,2)
(61,1)
(62,1)
(63,2)
(64,1)
(65,1)
(66,2)
(67,1)
(68,1)
(69,1)
(70,0)
(71,1)
(72,0)
(73,0)
(74,0)
(75,0)
(76,0)
(77,0)
(78,1)
(79,2)
(79,3)
(78,4)
(77,3)
(76,3)
(75,3)
(74,4)
(75,5)
(76,5)
(77,6)
(78,6)
(79,7)
(78,8)
(79,9)
(79,10)
(79,11)
(79,12)
(78,13)
(79,14)
(78,15)
(79,16)
(79,17)
(79,18)
(79,19)
(79,20)
(79,21)
(79,22)
(79,23)
(79,24)
(79,25)
(79,26)
(79,27)
(79,28)
(79,29)
(79,30)
(79,31)
(79,32)
(79,33)
(79,34)
(78,35)
(77,34)
(77,33)
(77,32)
(77,31)
(77,30)
(77,29)
(77,28)
(76,27)
(77,26)
(77,25)
(76,24)
(76,23)
(77,22)
(76,21)
(75,20)
(75,19)
(74,18)
(75,17)
(76,16)
(76,15)
(75,14)
(74,13)
(75,12)
(76,11)
(77,10)
(76,9)
(75,9)
(74,9)
(73,8)
(72,7)
(73,6)
(72,5)
(72,4)
(71,3)
(70,3)
(69,3)
(68,3)
(67,4)
(68,5)
(69,6)
(70,7)
(70,8)
(71,9)
(72,10)
(73,11)
(72,12)
(72,13)
(72,14)
(73,15)
(72,16)
(72,17)
(72,18)
(72,19)
(71,20)
(72,21)
(73,21)
(74,22)
(74,23)
(74,24)
(73,25)
(74,26)
(74,27)
(74,28)
(73,29)
(72,28)
(71,28)
(70,27)
(70,26)
(70,25)
(69,24)
(68,23)
(68,22)
(68,21)
(69,20)
(69,19)
(69,18)
(70,17)
(70,16)
(70,15)
(70,14)
(70,13)
(70,12)
(70,11)
(69,10)
(68,10)
(67,9)
(68,8)
(67,7)
(66,6)
(65,5)
(64,6)
(64,7)
(65,8)
(65,9)
(65,10)
(65,11)
(66,12)
(67,12)
(68,13)
(68,14)
(67,15)
(68,16)
(67,17)
(67,18)
(67,19)
(66,20)
(66,21)
(66,22)
(66,23)
(66,24)
(67,25)
(67,26)
(68,27)
(68,28)
(69,29)
(70,30)
(71,30)
(72,31)
(73,31)
(74,32)
(74,33)
(74,34)
(74,35)
(75,36)
(76,36)
(77,37)
(77,38)
(77,39)
(78,40)
(79,41)
(79,42)
(79,43)
(79,44)
(79,45)
(79,46)
(79,47)
(79,48)
(78,49)
(79,50)
(79,51)
(79,52)
(79,53)
(79,54)
(79,55)
(79,56)
(79,57)
(79,58)
(78,59)
(77,59)
(76,58)
(77,57)
(77,56)
(77,55)
(77,54)
(76,53)
(75,52)
(75,51)
(75,50)
(76,49)
(76,48)
(76,47)
(77,46)
(77,45)
(77,44)
(77,43)
(77,42)
(76,41)
(75,41)
(74,41)
(73,40)
(74,39)
(74,38)
(73,37)
(72,36)
(72,35)
(72,34)
(71,33)
(70,32)
(69,32)
(68,31)
(67,32)
(67,33)
(68,34)
(69,34)
(70,35)
(70,36)
(70,37)
(71,38)
(70,39)
(69,40)
(68,39)
(68,38)
(67,37)
(67,36)
(66,35)
(65,34)
(65,33)
(65,32)
(65,31)
(66,30)
(66,29)
(65,28)
(65,27)
(64,26)
(63,25)
(64,24)
(64,23)
(64,22)
(64,21)
(64,20)
(64,19)
(65,18)
(64,17)
(63,16)
(63,15)
(62,14)
(63,13)
(63,12)
(62,11)
(62,10)
(63,9)
(62,8)
(62,7)
(62,6)
(62,5)
(61,4)
(60,4)
(59,4)
(58,5)
(59,6)
(60,7)
(60,8)
(60,9)
(60,10)
(60,11)
(60,12)
(60,13)
(60,14)
(60,15)
(60,16)
(61,17)
(62,18)
(62,19)
(61,20)
(62,21)
(62,22)
(62,23)
(61,24)
(61,25)
(60,26)
(59,25)
(58,24)
(59,23)
(60,22)
(59,21)
(59,20)
(59,19)
(58,18)
(57,17)
(58,16)
(58,15)
(58,14)
(58,13)
(58,12)
(58,11)
(58,10)
(58,9)
(57,8)
(56,7)
(56,6)
(55,5)
(54,6)
(54,7)
(54,8)
(55,9)
(54,10)
(55,11)
(55,12)
(55,13)
(56,14)
(56,15)
(55,16)
(55,17)
(55,18)
(56,19)
(57,20)
(57,21)
(57,22)
(56,23)
(56,24)
(56,25)
(57,26)
(58,27)
(59,28)
(60,28)
(61,28)
(62,29)
(63,30)
(63,31)
(63,32)
(63,33)
(63,34)
(62,35)
(63,36)
(64,36)
(65,37)
(64,38)
(63,38)
(62,38)
(61,37)
(60,37)
(59,36)
(60,35)
(60,34)
(60,33)
(59,32)
(60,31)
(59,30)
(58,30)
(57,29)
(56,28)
(55,27)
(54,26)
(54,25)
(54,24)
(54,23)
(54,22)
(55,21)
(54,20)
(53,19)
(53,18)
(53,17)
(53,16)
(53,15)
(53,14)
(53,13)
(53,12)
(52,11)
(51,10)
(50,9)
(50,8)
(49,7)
(48,8)
(48,9)
(48,10)
(49,11)
(49,12)
(48,13)
(47,13)
(46,12)
(46,11)
(45,10)
(45,9)
(45,8)
(45,7)
(44,6)
(43,5)
(42,4)
(42,3)
(41,2)
(40,3)
(39,4)
(40,5)
(41,6)
(42,7)
(42,8)
(43,9)
(43,10)
(43,11)
(44,12)
(44,13)
(45,14)
(44,15)
(45,16)
(46,16)
(47,15)
(48,15)
(49,15)
(50,16)
(51,17)
(51,18)
(51,19)
(51,20)
(52,21)
(52,22)
(52,23)
(52,24)
(52,25)
(52,26)
(52,27)
(53,28)
(54,29)
(55,30)
(56,31)
(56,32)
(57,33)
(58,34)
(57,35)
(57,36)
(57,37)
(58,38)
(59,39)
(60,39)
(61,40)
(62,40)
(63,40)
(64,41)
(65,41)
(66,40)
(67,41)
(68,42)
(69,42)
(70,42)
(71,43)
(72,42)
(73,43)
(74,43)
(75,44)
(75,45)
(74,46)
(74,47)
(74,48)
(73,49)
(73,50)
(73,51)
(73,52)
(73,53)
(73,54)
(74,55)
(75,56)
(74,57)
(74,58)
(73,59)
(72,58)
(71,57)
(71,56)
(71,55)
(71,54)
(71,53)
(71,52)
(71,51)
(71,50)
(70,49)
(71,48)
(72,47)
(72,46)
(71,45)
(70,46)
(69,47)
(68,47)
(67,46)
(66,45)
(66,44)
(65,43)
(64,43)
(63,43)
(62,42)
(61,42)
(60,42)
(59,41)
(58,41)
(57,40)
(56,39)
(55,38)
(55,37)
(55,36)
(55,35)
(54,34)
(54,33)
(53,32)
(52,32)
(51,31)
(51,30)
(50,29)
(50,28)
(49,27)
(50,26)
(50,25)
(49,24)
(50,23)
(50,22)
(49,21)
(48,21)
(47,20)
(47,19)
(46,18)
(45,18)
(44,18)
(43,17)
(42,16)
(42,15)
(42,14)
(41,13)
(40,12)
(41,11)
(41,10)
(40,9)
(40,8)
(39,7)
(38,6)
(37,5)
(36,6)
(36,7)
(37,8)
(38,9)
(38,10)
(38,11)
(38,12)
(38,13)
(39,14)
(40,15)
(40,16)
(40,17)
(39,18)
(40,19)
(41,19)
(42,20)
(43,21)
(44,20)
(45,21)
(45,22)
(46,23)
(47,24)
(47,25)
(47,26)
(46,27)
(47,28)
(48,29)
(48,30)
(49,31)
(49,32)
(49,33)
(50,34)
(51,34)
(52,35)
(52,36)
(53,37)
(52,38)
(52,39)
(53,40)
(54,41)
(55,41)
(56,42)
(57,43)
(57,44)
(57,45)
(58,46)
(59,45)
(60,45)
(61,44)
(62,45)
(63,45)
(64,46)
(65,47)
(65,48)
(66,49)
(66,50)
(67,51)
(67,52)
(66,53)
(66,54)
(66,55)
(67,56)
(67,57)
(68,58)
(67,59)
(66,59)
(65,58)
(65,57)
(64,56)
(63,57)
(63,58)
(62,59)
(61,58)
(61,57)
(61,56)
(62,55)
(62,54)
(63,53)
(64,52)
(64,51)
(64,50)
(63,49)
(63,48)
(62,47)
(61,47)
(60,47)
(59,48)
(60,49)
(61,50)
(62,51)
(61,52)
(60,52)
(59,51)
(58,50)
(57,50)
(56,49)
(57,48)
(56,47)
(55,46)
(55,45)
(55,44)
(54,43)
(53,43)
(52,42)
(51,42)
(50,41)
(50,40)
(50,39)
(50,38)
(49,37)
(49,36)
(48,35)
(47,34)
(47,33)
(47,32)
(46,31)
(46,30)
(45,29)
(44,28)
(44,27)
(44,26)
(45,25)
(44,24)
(43,23)
(42,23)
(41,22)
(40,21)
(39,21)
(38,20)
(37,19)
(37,18)
(37,17)
(38,16)
(37,15)
(36,14)
(36,13)
(36,12)
(35,11)
(35,10)
(35,9)
(34,8)
24,9
(26,3)
(26,3)
(27,2)
(28,1)
(29,2)
(30,2)
(31,1)
(32,0)
(33,0)
(34,0)
(35,0)
(36,0)
(37,0)
(38,0)
(39,0)
(40,0)
(41,0)
(42,0)
(43,0)
(44,0)
(45,1)
(46,2)
(46,3)
(47,4)
(48,5)
(49,4)
(50,3)
(51,2)
(52,1)
(53,0)
(54,0)
(55,0)
(56,0)
(57,0)
(58,0)
(59,1)
(60,2)
(61,1)
(62,1)
(63,2)
(64,1)
(65,1)
(66,2)
(67,1)
(68,1)
(69,1)
(70,0)
(71,1)
(72,0)
(73,0)
(74,0)
(75,0)
(76,0)
(77,0)
(78,1)
(79,2)
(79,3)
(78,4)
(77,3)
(76,3)
(75,3)
(74,4)
(75,5)
(76,5)
(77,6)
(78,6)
(79,7)
(78,8)
(79,9)
(79,10)
(79,11)
(79,12)
(78,13)
(79,14)
(78,15)
(79,16)
(79,17)
(79,18)
(79,19)
(79,20)
(79,21)
(79,22)
(79,23)
(79,24)
(79,25)
(79,26)
(79,27)
(79,28)
(79,29)
(79,30)
(79,31)
(79,32)
(79,33)
(79,34)
(78,35)
(77,34)
(77,33)
(77,32)
(77,31)
(77,30)
(77,29)
(77,28)
(76,27)
(77,26)
(77,25)
(76,24)
(76,23)
(77,22)
(76,21)
(75,20)
(75,19)
(74,18)
(75,17)
(76,16)
(76,15)
(75,14)
(74,13)
(75,12)
(76,11)
(77,10)
(76,9)
(75,9)
(74,9)
(73,8)
(72,7)
(73,6)
(72,5)
(72,4)
(71,3)
(70,3)
(69,3)
(68,3)
(67,4)
(68,5)
(69,6)
(70,7)
(70,8)
(71,9)
(72,10)
(73,11)
(72,12)
(72,13)
(72,14)
(73,15)
(72,16)
(72,17)
(72,18)
(72,19)
(71,20)
(72,21)
(73,21)
(74,22)
(74,23)
(74,24)
(73,25)
(74,26)
(74,27)
(74,28)
(73,29)
(72,28)
(71,28)
(70,27)
(70,26)
(70,25)
(69,24)
(68,23)
(68,22)
(68,21)
(69,20)
(69,19)
(69,18)
(70,17)
(70,16)
(70,15)
(70,14)
(70,13)
(70,12)
(70,11)
(69,10)
(68,10)
(67,9)
(68,8)
(67,7)
(66,6)
(65,5)
(64,6)
(64,7)
(65,8)
(65,9)
(65,10)
(65,11)
(66,12)
(67,12)
(68,13)
(68,14)
(67,15)
(68,16)
(67,17)
(67,18)
(67,19)
(66,20)
(66,21)
(66,22)
(66,23)
(66,24)
(67,25)
(67,26)
(68,27)
(68,28)
(69,29)
(70,30)
(71,30)
(72,31)
(73,31)
(74,32)
(74,33)
(74,34)
(74,35)
(75,36)
(76,36)
(77,37)
(77,38)
(77,39)
(78,40)
(79,41)
(79,42)
(79,43)
(79,44)
(79,45)
(79,46)
(79,47)
(79,48)
(78,49)
(79,50)
(79,51)
(79,52)
(79,53)
(79,54)
(79,55)
(79,56)
(79,57)
(79,58)
(78,59)
(77,59)
(76,58)
(77,57)
(77,56)
(77,55)
(77,54)
(76,53)
(75,52)
(75,51)
(75,50)
(76,49)
(76,48)
(76,47)
(77,46)
(77,45)
(77,44)
(77,43)
(77,42)
(76,41)
(75,41)
(74,41)
(73,40)
(74,39)
(74,38)
(73,37)
(72,36)
(72,35)
(72,34)
(71,33)
(70,32)
(69,32)
(68,31)
(67,32)
(67,33)
(68,34)
(69,34)
(70,35)
(70,36)
(70,37)
(71,38)
(70,39)
(69,40)
(68,39)
(68,38)
(67,37)
(67,36)
(66,35)
(65,34)
(65,33)
(65,32)
(65,31)
(66,30)
(66,29)
(65,28)
(65,27)
(64,26)
(63,25)
(64,24)
(64,23)
(64,22)
(64,21)
(64,20)
(64,19)
(65,18)
(64,17)
(63,16)
(63,15)
(62,14)
(63,13)
(63,12)
(62,11)
(62,10)
(63,9)
(62,8)
(62,7)
(62,6)
(62,5)
(61,4)
(60,4)
(59,4)
(58,5)
(59,6)
(60,7)
(60,8)
(60,9)
(60,10)
(60,11)
(60,12)
(60,13)
(60,14)
(60,15)
(60,16)
(61,17)
(62,18)
(62,19)
(61,20)
(62,21)
(62,22)
(62,23)
(61,24)
(61,25)
(60,26)
(59,25)
(58,24)
(59,23)
(60,22)
(59,21)
(59,20)
(59,19)
(58,18)
(57,17)
(58,16)
(58,15)
(58,14)
(58,13)
(58,12)
(58,11)
(58,10)
(58,9)
(57,8)
(56,7)
(56,6)
(55,5)
(54,6)
(54,7)
(54,8)
(55,9)
(54,10)
(55,11)
(55,12)
(55,13)
(56,14)
(56,15)
(55,16)
(55,17)
(55,18)
(56,19)
(57,20)
(57,21)
(57,22)
(56,23)
(56,24)
(56,25)
(57,26)
(58,27)
(59,28)
(60,28)
(61,28)
(62,29)
(63,30)
(63,31)
(63,32)
(63,33)
(63,34)
(62,35)
(63,36)
(64,36)
(65,37)
(64,38)
(63,38)
(62,38)
(61,37)
(60,37)
(59,36)
(60,35)
(60,34)
(60,33)
(59,32)
(60,31)
(59,30)
(58,30)
(57,29)
(56,28)
(55,27)
(54,26)
(54,25)
(54,24)
(54,23)
(54,22)
(55,21)
(54,20)
(53,19)
(53,18)
(53,17)
(53,16)
(53,15)
(53,14)
(53,13)
(53,12)
(52,11)
(51,10)
(50,9)
(50,8)
(49,7)
(48,8)
(48,9)
(48,10)
(49,11)
(49,12)
(48,13)
(47,13)
(46,12)
(46,11)
(45,10)
(45,9)
(45,8)
(45,7)
(44,6)
(43,5)
(42,4)
(42,3)
(41,2)
(40,3)
(39,4)
(40,5)
(41,6)
(42,7)
(42,8)
(43,9)
(43,10)
(43,11)
(44,12)
(44,13)
(45,14)
(44,15)
(45,16)
(46,16)
(47,15)
(48,15)
(49,15)
(50,16)
(51,17)
(51,18)
(51,19)
(51,20)
(52,21)
(52,22)
(52,23)
(52,24)
(52,25)
(52,26)
(52,27)
(53,28)
(54,29)
(55,30)
(56,31)
(56,32)
(57,33)
(58,34)
(57,35)
(57,36)
(57,37)
(58,38)
(59,39)
(60,39)
(61,40)
(62,40)
(63,40)
(64,41)
(65,41)
(66,40)
(67,41)
(68,42)
(69,42)
(70,42)
(71,43)
(72,42)
(73,43)
(74,43)
(75,44)
(75,45)
(74,46)
(74,47)
(74,48)
(73,49)
(73,50)
(73,51)
(73,52)
(73,53)
(73,54)
(74,55)
(75,56)
(74,57)
(74,58)
(73,59)
(72,58)
(71,57)
(71,56)
(71,55)
(71,54)
(71,53)
(71,52)
(71,51)
(71,50)
(70,49)
(71,48)
(72,47)
(72,46)
(71,45)
(70,46)
(69,47)
(68,47)
(67,46)
(66,45)
(66,44)
(65,43)
(64,43)
(63,43)
(62,42)
(61,42)
(60,42)
(59,41)
(58,41)
(57,40)
(56,39)
(55,38)
(55,37)
(55,36)
(55,35)
(54,34)
(54,33)
(53,32)
(52,32)
(51,31)
(51,30)
(50,29)
(50,28)
(49,27)
(50,26)
(50,25)
(49,24)
(50,23)
(50,22)
(49,21)
(48,21)
(47,20)
(47,19)
(46,18)
(45,18)
(44,18)
(43,17)
(42,16)
(42,15)
(42,14)
(41,13)
(40,12)
(41,11)
(41,10)
(40,9)
(40,8)
(39,7)
(38,6)
(37,5)
(36,6)
(36,7)
(37,8)
(38,9)
(38,10)
(38,11)
(38,12)
(38,13)
(39,14)
(40,15)
(40,16)
(40,17)
(39,18)
(40,19)
(41,19)
(42,20)
(43,21)
(44,20)
(45,21)
(45,22)
(46,23)
(47,24)
(47,25)
(47,26)
(46,27)
(47,28)
(48,29)
(48,30)
(49,31)
(49,32)
(49,33)
(50,34)
(51,34)
(52,35)
(52,36)
(53,37)
(52,38)
(52,39)
(53,40)
(54,41)
(55,41)
(56,42)
(57,43)
(57,44)
(57,45)
(58,46)
(59,45)
(60,45)
(61,44)
(62,45)
(63,45)
(64,46)
(65,47)
(65,48)
(66,49)
(66,50)
(67,51)
(67,52)
(66,53)
(66,54)
(66,55)
(67,56)
(67,57)
(68,58)
(67,59)
(66,59)
(65,58)
(65,57)
(64,56)
(63,57)
(63,58)
(62,59)
(61,58)
(61,57)
(61,56)
(62,55)
(62,54)
(63,53)
(64,52)
(64,51)
(64,50)
(63,49)
(63,48)
(62,47)
(61,47)
(60,47)
(59,48)
(60,49)
(61,50)
(62,51)
(61,52)
(60,52)
(59,51)
(58,50)
(57,50)
(56,49)
(57,48)
(56,47)
(55,46)
(55,45)
(55,44)
(54,43)
(53,43)
(52,42)
(51,42)
(50,41)
(50,40)
(50,39)
(50,38)
(49,37)
(49,36)
(48,35)
(47,34)
(47,33)
(47,32)
(46,31)
(46,30)
(45,29)
(44,28)
(44,27)
(44,26)
(45,25)
(44,24)
(43,23)
(42,23)
(41,22)
(40,21)
(39,21)
(38,20)
(37,19)
(37,18)
(37,17)
(38,16)
(37,15)
(36,14)
(36,13)
(36,12)
(35,11)
(35,10)
(35,9)
(34,8)
(33,7)
(33,6)
(33,5)
(32,4)
(31,4)
(30,4)
(29,5)
(30,6)
(31,7)
(31,8)
(32,9)
(31,10)
(32,11)
(32,12)
(33,13)
(32,14)
(33,15)
(34,15)
(35,16)
(35,17)
(35,18)
(35,19)
(34,20)
(34,21)
(34,22)
(34,23)
(34,24)
(34,25)
(34,26)
(35,27)
(36,27)
(37,26)
(38,25)
(39,24)
(40,25)
(41,26)
(42,27)
(42,28)
(42,29)
(43,30)
(44,31)
(44,32)
(45,33)
(45,34)
(45,35)
(46,36)
(46,37)
(45,38)
(46,39)
(47,39)
(48,40)
(48,41)
(47,42)
(48,43)
(49,43)
(50,44)
(51,44)
(52,45)
(52,46)
(52,47)
(53,48)
(54,49)
(54,50)
(55,51)
(56,52)
(57,52)
(58,53)
(59,54)
(59,55)
(59,56)
(58,57)
(59,58)
(58,59)
(57,59)
(56,58)
(56,57)
(56,56)
(56,55)
(55,54)
(54,53)
(53,52)
(52,51)
(52,50)
(51,49)
(50,48)
(50,47)
(49,46)
(48,45)
(47,45)
(46,44)
(45,43)
(45,42)
(45,41)
(44,40)
(43,39)
(43,38)
(43,37)
(43,36)
(43,35)
(43,34)
(42,33)
(42,32)
(41,31)
(40,30)
(40,29)
(40,28)
(39,27)
(38,28)
(38,29)
(38,30)
(37,31)
(37,32)
(38,33)
(39,34)
(40,35)
(41,36)
(41,37)
(41,38)
(40,39)
(41,40)
(42,41)
(43,42)
(43,43)
(42,44)
(43,45)
(44,45)
(45,46)
(46,47)
(47,48)
(47,49)
(47,50)
(47,51)
(48,52)
(49,53)
(50,54)
(49,55)
(50,56)
(51,57)
(52,58)
(51,59)
(50,59)
(49,58)
(48,57)
(47,56)
(47,55)
(46,54)
(45,53)
(45,52)
(45,51)
(45,50)
(44,49)
(43,48)
(42,47)
(41,46)
(40,45)
(40,44)
(40,43)
(40,42)
(39,41)
(38,40)
(37,39)
(36,38)
(37,37)
(37,36)
(36,35)
(35,34)
(34,33)
(35,32)
(35,31)
(35,30)
(34,29)
(33,28)
(32,27)
(32,26)
(32,25)
(31,24)
(30,23)
(31,22)
(31,21)
(30,20)
(29,21)
(28,20)
(27,20)
(26,19)
(27,18)
(28,17)
(29,16)
(30,15)
(29,14)
(30,13)
(30,12)
(29,11)
(28,10)
(29,9)
(29,8)
(28,7)
(27,6)
(26,5)
(25,5)
(24,6)
(25,7)
(26,8)
(26,9)
(26,10)
(26,11)
(27,12)
(27,13)
(27,14)
(27,15)
(26,16)
(25,16)
(24,15)
(25,14)
(25,13)
(24,12)
(23,11)
(24,10)
26,5
(26,3)
(26,3)
(27,2)
(28,1)
(29,2)
(30,2)
(31,1)
(32,0)
(33,0)
(34,0)
(35,0)
(36,0)
(37,0)
(38,0)
(39,0)
(40,0)
(41,0)
(42,0)
(43,0)
(44,0)
(45,1)
(46,2)
(46,3)
(47,4)
(48,5)
(49,4)
(50,3)
(51,2)
(52,1)
(53,0)
(54,0)
(55,0)
(56,0)
(57,0)
(58,0)
(59,1)
(60,2)
(61,1)
(62,1)
(63,2)
(64,1)
(65,1)
(66,2)
(67,1)
(68,1)
(69,1)
(70,0)
(71,1)
(72,0)
(73,0)
(74,0)
(75,0)
(76,0)
(77,0)
(78,1)
(79,2)
(79,3)
(78,4)
(77,3)
(76,3)
(75,3)
(74,4)
(75,5)
(76,5)
(77,6)
(78,6)
(79,7)
(78,8)
(79,9)
(79,10)
(79,11)
(79,12)
(78,13)
(79,14)
(78,15)
(79,16)
(79,17)
(79,18)
(79,19)
(79,20)
(79,21)
(79,22)
(79,23)
(79,24)
(79,25)
(79,26)
(79,27)
(79,28)
(79,29)
(79,30)
(79,31)
(79,32)
(79,33)
(79,34)
(78,35)
(77,34)
(77,33)
(77,32)
(77,31)
(77,30)
(77,29)
(77,28)
(76,27)
(77,26)
(77,25)
(76,24)
(76,23)
(77,22)
(76,21)
(75,20)
(75,19)
(74,18)
(75,17)
(76,16)
(76,15)
(75,14)
(74,13)
(75,12)
(76,11)
(77,10)
(76,9)
(75,9)
(74,9)
(73,8)
(72,7)
(73,6)
(72,5)
(72,4)
(71,3)
(70,3)
(69,3)
(68,3)
(67,4)
(68,5)
(69,6)
(70,7)
(70,8)
(71,9)
(72,10)
(73,11)
(72,12)
(72,13)
(72,14)
(73,15)
(72,16)
(72,17)
(72,18)
(72,19)
(71,20)
(72,21)
(73,21)
(74,22)
(74,23)
(74,24)
(73,25)
(74,26)
(74,27)
(74,28)
(73,29)
(72,28)
(71,28)
(70,27)
(70,26)
(70,25)
(69,24)
(68,23)
(68,22)
(68,21)
(69,20)
(69,19)
(69,18)
(70,17)
(70,16)
(70,15)
(70,14)
(70,13)
(70,12)
(70,11)
(69,10)
(68,10)
(67,9)
(68,8)
(67,7)
(66,6)
(65,5)
(64,6)
(64,7)
(65,8)
(65,9)
(65,10)
(65,11)
(66,12)
(67,12)
(68,13)
(68,14)
(67,15)
(68,16)
(67,17)
(67,18)
(67,19)
(66,20)
(66,21)
(66,22)
(66,23)
(66,24)
(67,25)
(67,26)
(68,27)
(68,28)
(69,29)
(70,30)
(71,30)
(72,31)
(73,31)
(74,32)
(74,33)
(74,34)
(74,35)
(75,36)
(76,36)
(77,37)
(77,38)
(77,39)
(78,40)
(79,41)
(79,42)
(79,43)
(79,44)
(79,45)
(79,46)
(79,47)
(79,48)
(78,49)
(79,50)
(79,51)
(79,52)
(79,53)
(79,54)
(79,55)
(79,56)
(79,57)
(79,58)
(78,59)
(77,59)
(76,58)
(77,57)
(77,56)
(77,55)
(77,54)
(76,53)
(75,52)
(75,51)
(75,50)
(76,49)
(76,48)
(76,47)
(77,46)
(77,45)
(77,44)
(77,43)
(77,42)
(76,41)
(75,41)
(74,41)
(73,40)
(74,39)
(74,38)
(73,37)
(72,36)
(72,35)
(72,34)
(71,33)
(70,32)
(69,32)
(68,31)
(67,32)
(67,33)
(68,34)
(69,34)
(70,35)
(70,36)
(70,37)
(71,38)
(70,39)
(69,40)
(68,39)
(68,38)
(67,37)
(67,36)
(66,35)
(65,34)
(65,33)
(65,32)
(65,31)
(66,30)
(66,29)
(65,28)
(65,27)
(64,26)
(63,25)
(64,24)
(64,23)
(64,22)
(64,21)
(64,20)
(64,19)
(65,18)
(64,17)
(63,16)
(63,15)
(62,14)
(63,13)
(63,12)
(62,11)
(62,10)
(63,9)
(62,8)
(62,7)
(62,6)
(62,5)
(61,4)
(60,4)
(59,4)
(58,5)
(59,6)
(60,7)
(60,8)
(60,9)
(60,10)
(60,11)
(60,12)
(60,13)
(60,14)
(60,15)
(60,16)
(61,17)
(62,18)
(62,19)
(61,20)
(62,21)
(62,22)
(62,23)
(61,24)
(61,25)
(60,26)
(59,25)
(58,24)
(59,23)
(60,22)
(59,21)
(59,20)
(59,19)
(58,18)
(57,17)
(58,16)
(58,15)
(58,14)
(58,13)
(58,12)
(58,11)
(58,10)
(58,9)
(57,8)
(56,7)
(56,6)
(55,5)
(54,6)
(54,7)
(54,8)
(55,9)
(54,10)
(55,11)
(55,12)
(55,13)
(56,14)
(56,15)
(55,16)
(55,17)
(55,18)
(56,19)
(57,20)
(57,21)
(57,22)
(56,23)
(56,24)
(56,25)
(57,26)
(58,27)
(59,28)
(60,28)
(61,28)
(62,29)
(63,30)
(63,31)
(63,32)
(63,33)
(63,34)
(62,35)
(63,36)
(64,36)
(65,37)
(64,38)
(63,38)
(62,38)
(61,37)
(60,37)
(59,36)
(60,35)
(60,34)
(60,33)
(59,32)
(60,31)
(59,30)
(58,30)
(57,29)
(56,28)
(55,27)
(54,26)
(54,25)
(54,24)
(54,23)
(54,22)
(55,21)
(54,20)
(53,19)
(53,18)
(53,17)
(53,16)
(53,15)
(53,14)
(53,13)
(53,12)
(52,11)
(51,10)
(50,9)
(50,8)
(49,7)
(48,8)
(48,9)
(48,10)
(49,11)
(49,12)
(48,13)
(47,13)
(46,12)
(46,11)
(45,10)
(45,9)
(45,8)
(45,7)
(44,6)
(43,5)
(42,4)
(42,3)
(41,2)
(40,3)
(39,4)
(40,5)
(41,6)
(42,7)
(42,8)
(43,9)
(43,10)
(43,11)
(44,12)
(44,13)
(45,14)
(44,15)
(45,16)
(46,16)
(47,15)
(48,15)
(49,15)
(50,16)
(51,17)
(51,18)
(51,19)
(51,20)
(52,21)
(52,22)
(52,23)
(52,24)
(52,25)
(52,26)
(52,27)
(53,28)
(54,29)
(55,30)
(56,31)
(56,32)
(57,33)
(58,34)
(57,35)
(57,36)
(57,37)
(58,38)
(59,39)
(60,39)
(61,40)
(62,40)
(63,40)
(64,41)
(65,41)
(66,40)
(67,41)
(68,42)
(69,42)
(70,42)
(71,43)
(72,42)
(73,43)
(74,43)
(75,44)
(75,45)
(74,46)
(74,47)
(74,48)
(73,49)
(73,50)
(73,51)
(73,52)
(73,53)
(73,54)
(74,55)
(75,56)
(74,57)
(74,58)
(73,59)
(72,58)
(71,57)
(71,56)
(71,55)
(71,54)
(71,53)
(71,52)
(71,51)
(71,50)
(70,49)
(71,48)
(72,47)
(72,46)
(71,45)
(70,46)
(69,47)
(68,47)
(67,46)
(66,45)
(66,44)
(65,43)
(64,43)
(63,43)
(62,42)
(61,42)
(60,42)
(59,41)
(58,41)
(57,40)
(56,39)
(55,38)
(55,37)
(55,36)
(55,35)
(54,34)
(54,33)
(53,32)
(52,32)
(51,31)
(51,30)
(50,29)
(50,28)
(49,27)
(50,26)
(50,25)
(49,24)
(50,23)
(50,22)
(49,21)
(48,21)
(47,20)
(47,19)
(46,18)
(45,18)
(44,18)
(43,17)
(42,16)
(42,15)
(42,14)
(41,13)
(40,12)
(41,11)
(41,10)
(40,9)
(40,8)
(39,7)
(38,6)
(37,5)
(36,6)
(36,7)
(37,8)
(38,9)
(38,10)
(38,11)
(38,12)
(38,13)
(39,14)
(40,15)
(40,16)
(40,17)
(39,18)
(40,19)
(41,19)
(42,20)
(43,21)
(44,20)
(45,21)
(45,22)
(46,23)
(47,24)
(47,25)
(47,26)
(46,27)
(47,28)
(48,29)
(48,30)
(49,31)
(49,32)
(49,33)
(50,34)
(51,34)
(52,35)
(52,36)
(53,37)
(52,38)
(52,39)
(53,40)
(54,41)
(55,41)
(56,42)
(57,43)
(57,44)
(57,45)
(58,46)
(59,45)
(60,45)
(61,44)
(62,45)
(63,45)
(64,46)
(65,47)
(65,48)
(66,49)
(66,50)
(67,51)
(67,52)
(66,53)
(66,54)
(66,55)
(67,56)
(67,57)
(68,58)
(67,59)
(66,59)
(65,58)
(65,57)
(64,56)
(63,57)
(63,58)
(62,59)
(61,58)
(61,57)
(61,56)
(62,55)
(62,54)
(63,53)
(64,52)
(64,51)
(64,50)
(63,49)
(63,48)
(62,47)
(61,47)
(60,47)
(59,48)
(60,49)
(61,50)
(62,51)
(61,52)
(60,52)
(59,51)
(58,50)
(57,50)
(56,49)
(57,48)
(56,47)
(55,46)
(55,45)
(55,44)
(54,43)
(53,43)
(52,42)
(51,42)
(50,41)
(50,40)
(50,39)
(50,38)
(49,37)
(49,36)
(48,35)
(47,34)
(47,33)
(47,32)
(46,31)
(46,30)
(45,29)
(44,28)
(44,27)
(44,26)
(45,25)
(44,24)
(43,23)
(42,23)
(41,22)
(40,21)
(39,21)
(38,20)
(37,19)
(37,18)
(37,17)
(38,16)
(37,15)
(36,14)
(36,13)
(36,12)
(35,11)
(35,10)
(35,9)
(34,8)
(33,7)
(33,6)
(33,5)
(32,4)
(31,4)
(30,4)
(29,5)
(30,6)
(31,7)
(31,8)
(32,9)
(31,10)
(32,11)
(32,12)
(33,13)
(32,14)
(33,15)
(34,15)
(35,16)
(35,17)
(35,18)
(35,19)
(34,20)
(34,21)
(34,22)
(34,23)
(34,24)
(34,25)
(34,26)
(35,27)
(36,27)
(37,26)
(38,25)
(39,24)
(40,25)
(41,26)
(42,27)
(42,28)
(42,29)
(43,30)
(44,31)
(44,32)
(45,33)
(45,34)
(45,35)
(46,36)
(46,37)
(45,38)
(46,39)
(47,39)
(48,40)
(48,41)
(47,42)
(48,43)
(49,43)
(50,44)
(51,44)
(52,45)
(52,46)
(52,47)
(53,48)
(54,49)
(54,50)
(55,51)
(56,52)
(57,52)
(58,53)
(59,54)
(59,55)
(59,56)
(58,57)
(59,58)
(58,59)
(57,59)
(56,58)
(56,57)
(56,56)
(56,55)
(55,54)
(54,53)
(53,52)
(52,51)
(52,50)
(51,49)
(50,48)
(50,47)
(49,46)
(48,45)
(47,45)
(46,44)
(45,43)
(45,42)
(45,41)
(44,40)
(43,39)
(43,38)
(43,37)
(43,36)
(43,35)
(43,34)
(42,33)
(42,32)
(41,31)
(40,30)
(40,29)
(40,28)
(39,27)
(38,28)
(38,29)
(38,30)
(37,31)
(37,32)
(38,33)
(39,34)
(40,35)
(41,36)
(41,37)
(41,38)
(40,39)
(41,40)
(42,41)
(43,42)
(43,43)
(42,44)
(43,45)
(44,45)
(45,46)
(46,47)
(47,48)
(47,49)
(47,50)
(47,51)
(48,52)
(49,53)
(50,54)
(49,55)
(50,56)
(51,57)
(52,58)
(51,59)
(50,59)
(49,58)
(48,57)
(47,56)
(47,55)
(46,54)
(45,53)
(45,52)
(45,51)
(45,50)
(44,49)
(43,48)
(42,47)
(41,46)
(40,45)
(40,44)
(40,43)
(40,42)
(39,41)
(38,40)
(37,39)
(36,38)
(37,37)
(37,36)
(36,35)
(35,34)
(34,33)
(35,32)
(35,31)
(35,30)
(34,29)
(33,28)
(32,27)
(32,26)
(32,25)
(31,24)
(30,23)
(31,22)
(31,21)
(30,20)
(29,21)
(28,20)
(27,20)
(26,19)
(27,18)
(28,17)
(29,16)
(30,15)
(29,14)
(30,13)
(30,12)
(29,11)
(28,10)
(29,9)
(29,8)
(28,7)
(27,6)
